["7f:70", "2024-03-14T18:44:53Z", 1, -77, -77, -77, -77, 10, 10, 0]
["e7:43", "2024-03-14T18:44:53Z", 1, -64, -64, -64, -64, 10, 10, 0]
["7f:70", "2024-03-14T18:44:55Z", 1, -76, -76, -76, -76, 10, 10, 0]
["e7:43", "2024-03-14T18:44:55Z", 1, -60, -60, -60, -60, 10, 10, 1]
["d9:e6", "2024-03-14T18:44:56Z", 1, -58, -58, -58, -58, 10, 10, 1]
["e7:43", "2024-03-14T18:44:56Z", 1, -58, -58, -58, -58, 10, 10, 1]
["e6:be", "2024-03-14T18:44:56Z", 1, -69, -69, -69, -69, 10, 10, 0]
["7f:70", "2024-03-14T18:44:56Z", 1, -70, -70, -70, -70, 10, 10, 0]
["7f:70", "2024-03-14T18:44:58Z", 1, -72, -72, -72, -72, 10, 10, 0]
["e7:43", "2024-03-14T18:44:58Z", 1, -62, -62, -62, -62, 10, 10, 0]
["e6:be", "2024-03-14T18:44:58Z", 1, -72, -72, -72, -72, 10, 10, 0]
["7f:70", "2024-03-14T18:45:00Z", 1, -71, -71, -71, -71, 10, 10, 0]
["2c:93", "2024-03-14T18:45:00Z", 1, -89, -89, -89, -89, 10, 10, 0]
["e6:be", "2024-03-14T18:45:02Z", 1, -70, -70, -70, -70, 10, 10, 0]
["d9:e6", "2024-03-14T18:45:04Z", 1, -63, -63, -63, -63, 10, 10, 0]
["e7:43", "2024-03-14T18:45:04Z", 1, -56, -56, -56, -56, 10, 10, 1]
["7f:70", "2024-03-14T18:45:06Z", 1, -70, -70, -70, -70, 10, 10, 0]
["e7:43", "2024-03-14T18:45:06Z", 1, -68, -68, -68, -68, 10, 10, 0]
["d9:e6", "2024-03-14T18:45:08Z", 1, -65, -65, -65, -65, 10, 10, 0]
["e7:43", "2024-03-14T18:45:08Z", 1, -65, -65, -65, -65, 10, 10, 0]
["e6:be", "2024-03-14T18:45:08Z", 1, -81, -81, -81, -81, 10, 10, 0]
["7f:70", "2024-03-14T18:45:08Z", 1, -80, -80, -80, -80, 10, 10, 0]
["d9:e6", "2024-03-14T18:45:09Z", 1, -59, -59, -59, -59, 10, 10, 1]
["e7:43", "2024-03-14T18:45:09Z", 1, -60, -60, -60, -60, 10, 10, 1]
["e6:be", "2024-03-14T18:45:09Z", 1, -67, -67, -67, -67, 10, 10, 0]
["d9:e6", "2024-03-14T18:45:11Z", 1, -61, -61, -61, -61, 10, 10, 0]
["e6:be", "2024-03-14T18:45:11Z", 1, -76, -76, -76, -76, 10, 10, 0]
["7f:70", "2024-03-14T18:45:13Z", 1, -75, -75, -75, -75, 10, 10, 0]
["d9:e6", "2024-03-14T18:45:13Z", 1, -55, -55, -55, -55, 10, 10, 1]
["e6:be", "2024-03-14T18:45:13Z", 1, -71, -71, -71, -71, 10, 10, 0]
["e7:43", "2024-03-14T18:45:15Z", 1, -66, -66, -66, -66, 10, 10, 0]
["d9:e6", "2024-03-14T18:45:17Z", 1, -64, -64, -64, -64, 10, 10, 0]
["e7:43", "2024-03-14T18:45:17Z", 1, -72, -72, -72, -72, 10, 10, 0]
["e6:be", "2024-03-14T18:45:17Z", 1, -66, -66, -66, -66, 10, 10, 0]
["7f:70", "2024-03-14T18:45:17Z", 1, -69, -69, -69, -69, 10, 10, 0]
["d9:e6", "2024-03-14T18:45:19Z", 1, -70, -70, -70, -70, 10, 10, 0]
["7f:70", "2024-03-14T18:45:19Z", 1, -77, -77, -77, -77, 10, 10, 0]
["e6:be", "2024-03-14T18:45:19Z", 1, -82, -82, -82, -82, 10, 10, 0]
["d9:e6", "2024-03-14T18:45:21Z", 1, -69, -69, -69, -69, 10, 10, 0]
["e6:be", "2024-03-14T18:45:21Z", 1, -72, -72, -72, -72, 10, 10, 0]
["7f:70", "2024-03-14T18:45:22Z", 1, -70, -70, -70, -70, 10, 10, 0]
["e6:be", "2024-03-14T18:45:22Z", 1, -67, -67, -67, -67, 10, 10, 0]
["7f:70", "2024-03-14T18:45:24Z", 1, -66, -66, -66, -66, 10, 10, 0]
["7f:70", "2024-03-14T18:45:26Z", 1, -71, -71, -71, -71, 10, 10, 0]
["d9:e6", "2024-03-14T18:45:26Z", 1, -72, -72, -72, -72, 10, 10, 0]
["e6:be", "2024-03-14T18:45:26Z", 1, -72, -72, -72, -72, 10, 10, 0]
["d9:e6", "2024-03-14T18:45:28Z", 1, -74, -74, -74, -74, 10, 10, 0]
["e6:be", "2024-03-14T18:45:28Z", 1, -77, -77, -77, -77, 10, 10, 0]
["d9:e6", "2024-03-14T18:45:30Z", 1, -74, -74, -74, -74, 10, 10, 0]
["e7:43", "2024-03-14T18:45:30Z", 1, -67, -67, -67, -67, 10, 10, 0]
["e6:be", "2024-03-14T18:45:30Z", 1, -79, -79, -79, -79, 10, 10, 0]
["7f:70", "2024-03-14T18:45:30Z", 1, -70, -70, -70, -70, 10, 10, 0]
["d9:e6", "2024-03-14T18:45:32Z", 1, -70, -70, -70, -70, 10, 10, 0]
["e7:43", "2024-03-14T18:45:32Z", 1, -71, -71, -71, -71, 10, 10, 0]
["7f:70", "2024-03-14T18:45:32Z", 1, -74, -74, -74, -74, 10, 10, 0]
["d9:e6", "2024-03-14T18:45:34Z", 1, -62, -62, -62, -62, 10, 10, 0]
["e7:43", "2024-03-14T18:45:34Z", 1, -60, -60, -60, -60, 10, 10, 1]
["e6:be", "2024-03-14T18:45:34Z", 1, -71, -71, -71, -71, 10, 10, 0]
["7f:70", "2024-03-14T18:45:34Z", 1, -73, -73, -73, -73, 10, 10, 0]
["7f:70", "2024-03-14T18:45:36Z", 1, -71, -71, -71, -71, 10, 10, 0]
["e7:43", "2024-03-14T18:45:36Z", 1, -67, -67, -67, -67, 10, 10, 0]
["d9:e6", "2024-03-14T18:45:36Z", 1, -63, -63, -63, -63, 10, 10, 0]
["e6:be", "2024-03-14T18:45:36Z", 1, -78, -78, -78, -78, 10, 10, 0]
["e6:be", "2024-03-14T18:45:37Z", 1, -69, -69, -69, -69, 10, 10, 0]
["e6:be", "2024-03-14T18:45:39Z", 1, -73, -73, -73, -73, 10, 10, 0]
["d9:e6", "2024-03-14T18:45:41Z", 1, -78, -78, -78, -78, 10, 10, 0]
["e7:43", "2024-03-14T18:45:41Z", 1, -82, -82, -82, -82, 10, 10, 0]
["7f:70", "2024-03-14T18:45:41Z", 1, -83, -83, -83, -83, 10, 10, 0]
["7f:70", "2024-03-14T18:45:45Z", 1, -83, -83, -83, -83, 10, 10, 0]
["e6:be", "2024-03-14T18:45:45Z", 1, -89, -89, -89, -89, 10, 10, 0]
["04:89", "2024-03-14T18:45:48Z", 11, -90, -83, -86, -86, 10, 10, 0]
["bc:76", "2024-03-14T18:45:48Z", 3, -89, -88, -88, -88, 10, 10, 0]
["f6:8c", "2024-03-14T18:45:48Z", 1, -86, -86, -86, -86, 10, 10, 0]
["f6:8c", "2024-03-14T18:45:50Z", 16, -89, -83, -85, -86, 10, 10, 0]
["bc:76", "2024-03-14T18:45:50Z", 26, -88, -79, -83, -84, 10, 10, 0]
["04:89", "2024-03-14T18:45:50Z", 24, -89, -73, -80, -79, 10, 10, 0]
["3b:db", "2024-03-14T18:45:50Z", 9, -89, -80, -85, -86, 10, 10, 0]
["85:2b", "2024-03-14T18:45:50Z", 17, -89, -79, -85, -86, 10, 10, 0]
["f6:8c", "2024-03-14T18:45:52Z", 13, -89, -81, -85, -86, 10, 10, 0]
["bc:76", "2024-03-14T18:45:52Z", 15, -89, -81, -84, -84, 10, 10, 0]
["04:89", "2024-03-14T18:45:52Z", 16, -85, -70, -76, -73, 10, 10, 0]
["3b:db", "2024-03-14T18:45:52Z", 12, -88, -78, -82, -83, 10, 10, 0]
["85:2b", "2024-03-14T18:45:52Z", 8, -88, -81, -83, -84, 10, 10, 0]
["f6:8c", "2024-03-14T18:45:53Z", 14, -90, -79, -85, -86, 10, 10, 0]
["bc:76", "2024-03-14T18:45:53Z", 12, -89, -82, -84, -84, 10, 10, 0]
["04:89", "2024-03-14T18:45:53Z", 15, -91, -78, -83, -83, 10, 10, 0]
["3b:db", "2024-03-14T18:45:53Z", 14, -89, -78, -83, -84, 10, 10, 0]
["85:2b", "2024-03-14T18:45:53Z", 9, -89, -82, -85, -85, 10, 10, 0]
["f6:8c", "2024-03-14T18:45:55Z", 8, -89, -82, -86, -87, 10, 10, 0]
["bc:76", "2024-03-14T18:45:55Z", 15, -90, -79, -84, -84, 10, 10, 0]
["3b:db", "2024-03-14T18:45:55Z", 24, -91, -78, -85, -86, 10, 10, 0]
["04:89", "2024-03-14T18:45:55Z", 23, -89, -76, -82, -82, 10, 10, 0]
["85:2b", "2024-03-14T18:45:55Z", 9, -89, -83, -85, -86, 10, 10, 0]
["f6:8c", "2024-03-14T18:45:57Z", 19, -87, -76, -81, -80, 10, 10, 0]
["bc:76", "2024-03-14T18:45:57Z", 21, -89, -77, -83, -83, 10, 10, 0]
["3b:db", "2024-03-14T18:45:57Z", 22, -89, -74, -82, -83, 10, 10, 0]
["04:89", "2024-03-14T18:45:57Z", 20, -89, -74, -80, -80, 10, 10, 0]
["85:2b", "2024-03-14T18:45:57Z", 16, -88, -80, -84, -84, 10, 10, 0]
["f6:8c", "2024-03-14T18:45:59Z", 22, -90, -76, -83, -84, 10, 10, 0]
["bc:76", "2024-03-14T18:45:59Z", 24, -91, -75, -82, -83, 10, 10, 0]
["3b:db", "2024-03-14T18:45:59Z", 19, -87, -76, -81, -82, 10, 10, 0]
["04:89", "2024-03-14T18:45:59Z", 24, -83, -70, -76, -76, 10, 10, 0]
["85:2b", "2024-03-14T18:45:59Z", 16, -88, -79, -83, -82, 10, 10, 0]
["f6:8c", "2024-03-14T18:46:01Z", 13, -87, -74, -79, -78, 10, 10, 0]
["bc:76", "2024-03-14T18:46:01Z", 16, -84, -69, -75, -76, 10, 10, 0]
["04:89", "2024-03-14T18:46:01Z", 12, -78, -67, -72, -71, 10, 10, 0]
["3b:db", "2024-03-14T18:46:01Z", 11, -89, -69, -76, -74, 10, 10, 0]
["85:2b", "2024-03-14T18:46:01Z", 12, -88, -71, -77, -77, 10, 10, 0]
["f6:8c", "2024-03-14T18:46:02Z", 18, -86, -70, -79, -77, 10, 10, 0]
["bc:76", "2024-03-14T18:46:02Z", 26, -84, -71, -76, -76, 10, 10, 0]
["04:89", "2024-03-14T18:46:02Z", 20, -83, -63, -69, -67, 10, 10, 0]
["3b:db", "2024-03-14T18:46:02Z", 20, -85, -65, -75, -74, 10, 10, 0]
["85:2b", "2024-03-14T18:46:02Z", 21, -87, -67, -76, -76, 10, 10, 0]
["f6:8c", "2024-03-14T18:46:04Z", 11, -73, -66, -69, -69, 10, 10, 0]
["bc:76", "2024-03-14T18:46:04Z", 16, -89, -62, -69, -67, 10, 10, 0]
["04:89", "2024-03-14T18:46:04Z", 13, -72, -60, -65, -64, 10, 10, 0]
["3b:db", "2024-03-14T18:46:04Z", 14, -82, -65, -70, -70, 10, 10, 0]
["85:2b", "2024-03-14T18:46:04Z", 10, -73, -66, -69, -69, 10, 10, 0]
["f6:8c", "2024-03-14T18:46:06Z", 13, -78, -65, -70, -70, 10, 10, 0]
["bc:76", "2024-03-14T18:46:06Z", 17, -79, -63, -69, -69, 10, 10, 0]
["3b:db", "2024-03-14T18:46:06Z", 10, -78, -62, -68, -69, 10, 10, 0]
["04:89", "2024-03-14T18:46:06Z", 10, -74, -60, -65, -65, 10, 10, 0]
["85:2b", "2024-03-14T18:46:06Z", 14, -87, -64, -73, -71, 10, 10, 0]
["f6:8c", "2024-03-14T18:46:07Z", 18, -82, -60, -68, -66, 10, 10, 0]
["bc:76", "2024-03-14T18:46:07Z", 23, -78, -58, -66, -68, 10, 10, 0]
["3b:db", "2024-03-14T18:46:07Z", 24, -73, -58, -63, -63, 10, 10, 0]
["04:89", "2024-03-14T18:46:07Z", 22, -74, -56, -64, -65, 10, 10, 0]
["85:2b", "2024-03-14T18:46:07Z", 17, -78, -57, -66, -65, 10, 10, 0]
["f6:8c", "2024-03-14T18:46:09Z", 19, -83, -56, -63, -62, 10, 10, 0]
["bc:76", "2024-03-14T18:46:09Z", 25, -72, -58, -65, -65, 10, 10, 0]
["04:89", "2024-03-14T18:46:09Z", 19, -66, -52, -60, -62, 10, 10, 1]
["3b:db", "2024-03-14T18:46:09Z", 18, -77, -56, -66, -64, 10, 10, 0]
["85:2b", "2024-03-14T18:46:09Z", 23, -78, -56, -63, -63, 10, 10, 0]
["f6:8c", "2024-03-14T18:46:11Z", 11, -79, -60, -64, -65, 10, 10, 0]
["bc:76", "2024-03-14T18:46:11Z", 14, -71, -54, -61, -60, 10, 10, 0]
["3b:db", "2024-03-14T18:46:11Z", 15, -63, -55, -60, -60, 10, 10, 1]
["04:89", "2024-03-14T18:46:11Z", 13, -61, -55, -58, -59, 10, 10, 1]
["85:2b", "2024-03-14T18:46:11Z", 11, -74, -59, -64, -65, 10, 10, 0]
["f6:8c", "2024-03-14T18:46:13Z", 19, -67, -55, -61, -62, 10, 10, 0]
["bc:76", "2024-03-14T18:46:13Z", 23, -70, -57, -60, -59, 10, 10, 1]
["04:89", "2024-03-14T18:46:13Z", 23, -76, -54, -60, -60, 10, 10, 1]
["3b:db", "2024-03-14T18:46:13Z", 21, -83, -61, -66, -64, 10, 10, 0]
["85:2b", "2024-03-14T18:46:13Z", 20, -72, -58, -65, -66, 10, 10, 0]
["f6:8c", "2024-03-14T18:46:15Z", 17, -72, -60, -63, -63, 10, 10, 0]
["bc:76", "2024-03-14T18:46:15Z", 26, -67, -55, -60, -60, 10, 10, 1]
["3b:db", "2024-03-14T18:46:15Z", 21, -73, -55, -62, -63, 10, 10, 0]
["04:89", "2024-03-14T18:46:15Z", 21, -75, -58, -64, -63, 10, 10, 0]
["85:2b", "2024-03-14T18:46:15Z", 21, -72, -59, -64, -63, 10, 10, 0]
["f6:8c", "2024-03-14T18:46:17Z", 18, -82, -59, -65, -63, 10, 10, 0]
["bc:76", "2024-03-14T18:46:17Z", 24, -78, -58, -64, -64, 10, 10, 0]
["3b:db", "2024-03-14T18:46:17Z", 22, -79, -58, -65, -65, 10, 10, 0]
["04:89", "2024-03-14T18:46:17Z", 19, -76, -51, -60, -60, 10, 10, 1]
["85:2b", "2024-03-14T18:46:17Z", 17, -74, -58, -66, -67, 10, 10, 0]
["f6:8c", "2024-03-14T18:46:19Z", 12, -86, -58, -64, -61, 10, 10, 0]
["bc:76", "2024-03-14T18:46:19Z", 14, -72, -60, -65, -64, 10, 10, 0]
["04:89", "2024-03-14T18:46:19Z", 15, -68, -57, -61, -61, 10, 10, 0]
["3b:db", "2024-03-14T18:46:19Z", 16, -75, -63, -69, -69, 10, 10, 0]
["85:2b", "2024-03-14T18:46:19Z", 7, -79, -63, -67, -65, 10, 10, 0]
["f6:8c", "2024-03-14T18:46:20Z", 14, -79, -60, -67, -65, 10, 10, 0]
["bc:76", "2024-03-14T18:46:20Z", 28, -82, -58, -65, -63, 10, 10, 0]
["04:89", "2024-03-14T18:46:20Z", 22, -75, -55, -62, -62, 10, 10, 0]
["3b:db", "2024-03-14T18:46:20Z", 20, -71, -55, -60, -60, 10, 10, 1]
["85:2b", "2024-03-14T18:46:20Z", 20, -82, -57, -70, -70, 10, 10, 0]
["f6:8c", "2024-03-14T18:46:22Z", 17, -77, -64, -69, -67, 10, 10, 0]
["bc:76", "2024-03-14T18:46:22Z", 22, -71, -62, -65, -65, 10, 10, 0]
["04:89", "2024-03-14T18:46:22Z", 23, -77, -56, -64, -63, 10, 10, 0]
["3b:db", "2024-03-14T18:46:22Z", 23, -82, -64, -71, -72, 10, 10, 0]
["85:2b", "2024-03-14T18:46:22Z", 18, -75, -62, -66, -67, 10, 10, 0]
["f6:8c", "2024-03-14T18:46:24Z", 14, -75, -61, -66, -66, 10, 10, 0]
["bc:76", "2024-03-14T18:46:24Z", 12, -67, -59, -63, -63, 10, 10, 0]
["04:89", "2024-03-14T18:46:24Z", 13, -71, -59, -63, -62, 10, 10, 0]
["3b:db", "2024-03-14T18:46:24Z", 12, -63, -57, -61, -62, 10, 10, 0]
["85:2b", "2024-03-14T18:46:24Z", 13, -76, -66, -69, -70, 10, 10, 0]
["f6:8c", "2024-03-14T18:46:26Z", 19, -77, -59, -65, -65, 10, 10, 0]
["bc:76", "2024-03-14T18:46:26Z", 25, -76, -60, -66, -66, 10, 10, 0]
["3b:db", "2024-03-14T18:46:26Z", 20, -78, -58, -64, -61, 10, 10, 0]
["04:89", "2024-03-14T18:46:26Z", 17, -75, -53, -58, -58, 10, 10, 1]
["85:2b", "2024-03-14T18:46:26Z", 21, -69, -59, -63, -63, 10, 10, 0]
["f6:8c", "2024-03-14T18:46:28Z", 21, -78, -58, -64, -62, 10, 10, 0]
["bc:76", "2024-03-14T18:46:28Z", 23, -73, -60, -63, -63, 10, 10, 0]
["04:89", "2024-03-14T18:46:28Z", 20, -85, -54, -66, -67, 10, 10, 0]
["3b:db", "2024-03-14T18:46:28Z", 21, -75, -54, -60, -59, 10, 10, 1]
["85:2b", "2024-03-14T18:46:28Z", 22, -75, -58, -62, -62, 10, 10, 0]
["f6:8c", "2024-03-14T18:46:30Z", 19, -66, -60, -61, -60, 10, 10, 0]
["bc:76", "2024-03-14T18:46:30Z", 22, -63, -60, -61, -62, 10, 10, 0]
["04:89", "2024-03-14T18:46:30Z", 20, -67, -54, -60, -60, 10, 10, 1]
["3b:db", "2024-03-14T18:46:30Z", 22, -78, -64, -68, -66, 10, 10, 0]
["85:2b", "2024-03-14T18:46:30Z", 18, -71, -55, -64, -67, 10, 10, 0]
["f6:8c", "2024-03-14T18:46:32Z", 17, -66, -60, -63, -63, 10, 10, 0]
["bc:76", "2024-03-14T18:46:32Z", 24, -66, -59, -61, -60, 10, 10, 0]
["04:89", "2024-03-14T18:46:32Z", 19, -60, -55, -56, -56, 10, 10, 1]
["3b:db", "2024-03-14T18:46:32Z", 24, -73, -66, -68, -68, 10, 10, 0]
["85:2b", "2024-03-14T18:46:32Z", 23, -66, -54, -60, -62, 10, 10, 1]
["f6:8c", "2024-03-14T18:46:34Z", 19, -71, -59, -65, -67, 10, 10, 0]
["bc:76", "2024-03-14T18:46:34Z", 24, -76, -58, -63, -62, 10, 10, 0]
["04:89", "2024-03-14T18:46:34Z", 20, -86, -55, -65, -62, 10, 10, 0]
["3b:db", "2024-03-14T18:46:34Z", 20, -65, -60, -62, -62, 10, 10, 0]
["85:2b", "2024-03-14T18:46:34Z", 22, -66, -53, -59, -60, 10, 10, 1]
["f6:8c", "2024-03-14T18:46:36Z", 19, -70, -56, -62, -63, 10, 10, 0]
["bc:76", "2024-03-14T18:46:36Z", 25, -86, -59, -65, -64, 10, 10, 0]
["3b:db", "2024-03-14T18:46:36Z", 22, -69, -54, -60, -59, 10, 10, 1]
["04:89", "2024-03-14T18:46:36Z", 18, -78, -55, -64, -65, 10, 10, 0]
["85:2b", "2024-03-14T18:46:36Z", 21, -73, -54, -59, -59, 10, 10, 1]
["f6:8c", "2024-03-14T18:46:38Z", 14, -69, -60, -66, -68, 10, 10, 0]
["bc:76", "2024-03-14T18:46:38Z", 16, -76, -56, -63, -61, 10, 10, 0]
["04:89", "2024-03-14T18:46:38Z", 8, -68, -57, -60, -57, 10, 10, 1]
["3b:db", "2024-03-14T18:46:38Z", 11, -75, -59, -67, -66, 10, 10, 0]
["85:2b", "2024-03-14T18:46:38Z", 15, -63, -56, -59, -60, 10, 10, 1]
["f6:8c", "2024-03-14T18:46:39Z", 17, -67, -61, -65, -65, 10, 10, 0]
["bc:76", "2024-03-14T18:46:39Z", 24, -78, -56, -65, -63, 10, 10, 0]
["3b:db", "2024-03-14T18:46:39Z", 19, -75, -58, -66, -70, 10, 10, 0]
["04:89", "2024-03-14T18:46:39Z", 20, -72, -56, -62, -64, 10, 10, 0]
["85:2b", "2024-03-14T18:46:39Z", 21, -65, -56, -60, -60, 10, 10, 1]
["f6:8c", "2024-03-14T18:46:41Z", 22, -72, -62, -64, -64, 10, 10, 0]
["bc:76", "2024-03-14T18:46:41Z", 23, -77, -58, -66, -65, 10, 10, 0]
["3b:db", "2024-03-14T18:46:41Z", 20, -83, -58, -67, -66, 10, 10, 0]
["04:89", "2024-03-14T18:46:41Z", 16, -75, -60, -68, -70, 10, 10, 0]
["85:2b", "2024-03-14T18:46:41Z", 23, -72, -57, -62, -62, 10, 10, 0]
["f6:8c", "2024-03-14T18:46:43Z", 18, -68, -62, -64, -64, 10, 10, 0]
["bc:76", "2024-03-14T18:46:43Z", 23, -84, -57, -68, -67, 10, 10, 0]
["04:89", "2024-03-14T18:46:43Z", 19, -76, -62, -66, -65, 10, 10, 0]
["3b:db", "2024-03-14T18:46:43Z", 18, -75, -57, -64, -59, 10, 10, 0]
["85:2b", "2024-03-14T18:46:43Z", 22, -67, -58, -62, -62, 10, 10, 0]
["f6:8c", "2024-03-14T18:46:45Z", 16, -66, -62, -64, -65, 10, 10, 0]
["bc:76", "2024-03-14T18:46:45Z", 23, -86, -66, -75, -76, 10, 10, 0]
["04:89", "2024-03-14T18:46:45Z", 18, -86, -64, -75, -76, 10, 10, 0]
["3b:db", "2024-03-14T18:46:45Z", 22, -78, -56, -64, -65, 10, 10, 0]
["85:2b", "2024-03-14T18:46:45Z", 20, -66, -59, -62, -63, 10, 10, 0]
["f6:8c", "2024-03-14T18:46:47Z", 20, -78, -63, -68, -69, 10, 10, 0]
["bc:76", "2024-03-14T18:46:47Z", 23, -70, -62, -64, -64, 10, 10, 0]
["04:89", "2024-03-14T18:46:47Z", 19, -83, -65, -71, -71, 10, 10, 0]
["3b:db", "2024-03-14T18:46:47Z", 20, -77, -58, -62, -59, 10, 10, 0]
["85:2b", "2024-03-14T18:46:47Z", 19, -87, -61, -68, -70, 10, 10, 0]
["f6:8c", "2024-03-14T18:46:49Z", 12, -68, -63, -65, -65, 10, 10, 0]
["bc:76", "2024-03-14T18:46:49Z", 15, -74, -57, -62, -59, 10, 10, 0]
["04:89", "2024-03-14T18:46:49Z", 10, -85, -60, -71, -73, 10, 10, 0]
["3b:db", "2024-03-14T18:46:49Z", 14, -70, -61, -64, -63, 10, 10, 0]
["85:2b", "2024-03-14T18:46:49Z", 13, -64, -60, -61, -61, 10, 10, 0]
["f6:8c", "2024-03-14T18:46:51Z", 15, -76, -60, -64, -63, 10, 10, 0]
["bc:76", "2024-03-14T18:46:51Z", 24, -58, -54, -56, -56, 10, 10, 1]
["04:89", "2024-03-14T18:46:51Z", 18, -70, -54, -61, -59, 10, 10, 0]
["3b:db", "2024-03-14T18:46:51Z", 23, -71, -58, -64, -66, 10, 10, 0]
["85:2b", "2024-03-14T18:46:51Z", 21, -79, -64, -70, -71, 10, 10, 0]
["f6:8c", "2024-03-14T18:46:53Z", 13, -71, -59, -64, -63, 10, 10, 0]
["bc:76", "2024-03-14T18:46:53Z", 14, -65, -56, -59, -59, 10, 10, 1]
["3b:db", "2024-03-14T18:46:53Z", 13, -79, -59, -64, -62, 10, 10, 0]
["04:89", "2024-03-14T18:46:53Z", 12, -68, -54, -61, -62, 10, 10, 0]
["85:2b", "2024-03-14T18:46:53Z", 12, -76, -59, -66, -66, 10, 10, 0]
["f6:8c", "2024-03-14T18:46:54Z", 18, -73, -58, -63, -62, 10, 10, 0]
["bc:76", "2024-03-14T18:46:54Z", 23, -65, -58, -61, -60, 10, 10, 0]
["04:89", "2024-03-14T18:46:54Z", 18, -66, -55, -59, -58, 10, 10, 1]
["3b:db", "2024-03-14T18:46:54Z", 17, -71, -56, -61, -62, 10, 10, 0]
["85:2b", "2024-03-14T18:46:54Z", 20, -71, -60, -63, -63, 10, 10, 0]
["f6:8c", "2024-03-14T18:46:56Z", 15, -68, -60, -64, -66, 10, 10, 0]
["bc:76", "2024-03-14T18:46:56Z", 25, -65, -59, -61, -62, 10, 10, 0]
["04:89", "2024-03-14T18:46:56Z", 18, -86, -60, -70, -67, 10, 10, 0]
["3b:db", "2024-03-14T18:46:56Z", 20, -71, -57, -64, -65, 10, 10, 0]
["85:2b", "2024-03-14T18:46:56Z", 18, -67, -61, -63, -63, 10, 10, 0]
["f6:8c", "2024-03-14T18:46:58Z", 17, -68, -60, -64, -65, 10, 10, 0]
["bc:76", "2024-03-14T18:46:58Z", 24, -68, -62, -64, -65, 10, 10, 0]
["04:89", "2024-03-14T18:46:58Z", 16, -82, -58, -66, -66, 10, 10, 0]
["3b:db", "2024-03-14T18:46:58Z", 18, -72, -57, -63, -62, 10, 10, 0]
["85:2b", "2024-03-14T18:46:58Z", 19, -66, -60, -62, -62, 10, 10, 0]
["f6:8c", "2024-03-14T18:47:00Z", 16, -79, -62, -68, -66, 10, 10, 0]
["bc:76", "2024-03-14T18:47:00Z", 22, -73, -57, -61, -60, 10, 10, 0]
["04:89", "2024-03-14T18:47:00Z", 16, -71, -57, -63, -63, 10, 10, 0]
["3b:db", "2024-03-14T18:47:00Z", 21, -86, -62, -67, -65, 10, 10, 0]
["85:2b", "2024-03-14T18:47:00Z", 20, -69, -59, -63, -62, 10, 10, 0]
["f6:8c", "2024-03-14T18:47:02Z", 18, -66, -62, -64, -65, 10, 10, 0]
["bc:76", "2024-03-14T18:47:02Z", 23, -71, -56, -61, -59, 10, 10, 0]
["3b:db", "2024-03-14T18:47:02Z", 20, -62, -60, -60, -61, 10, 10, 1]
["04:89", "2024-03-14T18:47:02Z", 18, -68, -60, -63, -61, 10, 10, 0]
["85:2b", "2024-03-14T18:47:02Z", 19, -89, -63, -69, -64, 10, 10, 0]
["f6:8c", "2024-03-14T18:47:05Z", 21, -70, -61, -64, -63, 10, 10, 0]
["bc:76", "2024-03-14T18:47:05Z", 23, -74, -55, -62, -60, 10, 10, 0]
["3b:db", "2024-03-14T18:47:05Z", 22, -65, -58, -60, -59, 10, 10, 1]
["04:89", "2024-03-14T18:47:05Z", 19, -70, -58, -63, -63, 10, 10, 0]
["85:2b", "2024-03-14T18:47:05Z", 22, -86, -61, -69, -65, 10, 10, 0]
["f6:8c", "2024-03-14T18:47:07Z", 18, -67, -61, -63, -62, 10, 10, 0]
["bc:76", "2024-03-14T18:47:07Z", 22, -80, -58, -65, -62, 10, 10, 0]
["3b:db", "2024-03-14T18:47:07Z", 19, -63, -57, -61, -62, 10, 10, 0]
["04:89", "2024-03-14T18:47:07Z", 14, -65, -60, -63, -64, 10, 10, 0]
["85:2b", "2024-03-14T18:47:07Z", 19, -71, -62, -66, -66, 10, 10, 0]
["f6:8c", "2024-03-14T18:47:09Z", 16, -66, -60, -63, -63, 10, 10, 0]
["bc:76", "2024-03-14T18:47:09Z", 23, -76, -58, -64, -62, 10, 10, 0]
["3b:db", "2024-03-14T18:47:09Z", 15, -64, -59, -61, -61, 10, 10, 0]
["04:89", "2024-03-14T18:47:09Z", 14, -68, -60, -62, -60, 10, 10, 0]
["85:2b", "2024-03-14T18:47:09Z", 23, -71, -58, -63, -62, 10, 10, 0]
["f6:8c", "2024-03-14T18:47:11Z", 12, -65, -63, -63, -63, 10, 10, 0]
["bc:76", "2024-03-14T18:47:11Z", 14, -74, -60, -65, -63, 10, 10, 0]
["3b:db", "2024-03-14T18:47:11Z", 14, -62, -60, -61, -61, 10, 10, 0]
["04:89", "2024-03-14T18:47:11Z", 13, -71, -60, -64, -67, 10, 10, 0]
["85:2b", "2024-03-14T18:47:11Z", 11, -76, -60, -66, -62, 10, 10, 0]
["f6:8c", "2024-03-14T18:47:12Z", 12, -67, -61, -65, -66, 10, 10, 0]
["bc:76", "2024-03-14T18:47:12Z", 15, -76, -55, -62, -61, 10, 10, 0]
["3b:db", "2024-03-14T18:47:12Z", 14, -67, -59, -62, -63, 10, 10, 0]
["04:89", "2024-03-14T18:47:12Z", 10, -67, -59, -63, -65, 10, 10, 0]
["85:2b", "2024-03-14T18:47:12Z", 13, -75, -61, -65, -63, 10, 10, 0]
["f6:8c", "2024-03-14T18:47:14Z", 20, -68, -61, -63, -63, 10, 10, 0]
["bc:76", "2024-03-14T18:47:14Z", 23, -70, -57, -62, -63, 10, 10, 0]
["3b:db", "2024-03-14T18:47:14Z", 20, -65, -59, -62, -63, 10, 10, 0]
["04:89", "2024-03-14T18:47:14Z", 20, -71, -62, -66, -67, 10, 10, 0]
["85:2b", "2024-03-14T18:47:14Z", 21, -69, -61, -63, -62, 10, 10, 0]
["f6:8c", "2024-03-14T18:47:16Z", 18, -71, -60, -65, -65, 10, 10, 0]
["bc:76", "2024-03-14T18:47:16Z", 24, -68, -57, -61, -62, 10, 10, 0]
["3b:db", "2024-03-14T18:47:16Z", 24, -68, -58, -61, -61, 10, 10, 0]
["04:89", "2024-03-14T18:47:16Z", 18, -69, -61, -64, -66, 10, 10, 0]
["85:2b", "2024-03-14T18:47:16Z", 19, -70, -59, -62, -62, 10, 10, 0]
["f6:8c", "2024-03-14T18:47:18Z", 21, -66, -60, -63, -65, 10, 10, 0]
["bc:76", "2024-03-14T18:47:18Z", 21, -66, -57, -61, -63, 10, 10, 0]
["04:89", "2024-03-14T18:47:18Z", 19, -68, -63, -65, -66, 10, 10, 0]
["3b:db", "2024-03-14T18:47:18Z", 18, -65, -60, -62, -64, 10, 10, 0]
["85:2b", "2024-03-14T18:47:18Z", 23, -71, -59, -63, -63, 10, 10, 0]
["f6:8c", "2024-03-14T18:47:20Z", 15, -68, -59, -62, -62, 10, 10, 0]
["bc:76", "2024-03-14T18:47:20Z", 26, -66, -54, -59, -59, 10, 10, 1]
["3b:db", "2024-03-14T18:47:20Z", 22, -66, -56, -61, -60, 10, 10, 0]
["04:89", "2024-03-14T18:47:20Z", 20, -72, -55, -63, -63, 10, 10, 0]
["85:2b", "2024-03-14T18:47:20Z", 17, -72, -60, -63, -61, 10, 10, 0]
["f6:8c", "2024-03-14T18:47:22Z", 19, -66, -59, -62, -62, 10, 10, 0]
["bc:76", "2024-03-14T18:47:22Z", 20, -72, -57, -61, -60, 10, 10, 0]
["3b:db", "2024-03-14T18:47:22Z", 20, -62, -58, -60, -61, 10, 10, 1]
["04:89", "2024-03-14T18:47:22Z", 19, -74, -55, -63, -63, 10, 10, 0]
["85:2b", "2024-03-14T18:47:22Z", 18, -68, -58, -62, -62, 10, 10, 0]
["f6:8c", "2024-03-14T18:47:24Z", 12, -66, -60, -61, -61, 10, 10, 0]
["bc:76", "2024-03-14T18:47:24Z", 17, -66, -56, -61, -62, 10, 10, 0]
["04:89", "2024-03-14T18:47:24Z", 12, -80, -55, -63, -57, 10, 10, 0]
["3b:db", "2024-03-14T18:47:24Z", 13, -65, -60, -61, -61, 10, 10, 0]
["85:2b", "2024-03-14T18:47:24Z", 10, -71, -57, -62, -62, 10, 10, 0]
["f6:8c", "2024-03-14T18:47:26Z", 17, -63, -59, -61, -62, 10, 10, 0]
["bc:76", "2024-03-14T18:47:26Z", 23, -66, -57, -61, -62, 10, 10, 0]
["04:89", "2024-03-14T18:47:26Z", 16, -80, -57, -67, -59, 10, 10, 0]
["3b:db", "2024-03-14T18:47:26Z", 16, -63, -59, -60, -60, 10, 10, 1]
["85:2b", "2024-03-14T18:47:26Z", 21, -70, -60, -64, -63, 10, 10, 0]
["f6:8c", "2024-03-14T18:47:28Z", 16, -65, -59, -62, -62, 10, 10, 0]
["bc:76", "2024-03-14T18:47:28Z", 22, -66, -56, -60, -60, 10, 10, 1]
["04:89", "2024-03-14T18:47:28Z", 15, -76, -65, -68, -67, 10, 10, 0]
["3b:db", "2024-03-14T18:47:28Z", 15, -65, -60, -61, -61, 10, 10, 0]
["85:2b", "2024-03-14T18:47:28Z", 20, -72, -59, -63, -61, 10, 10, 0]
["f6:8c", "2024-03-14T18:47:30Z", 20, -76, -59, -69, -71, "-71.3846707", "46.806995", 0]
["bc:76", "2024-03-14T18:47:30Z", 22, -61, -52, -58, -60, "-71.3846707", "46.806995", 1]
["3b:db", "2024-03-14T18:47:30Z", 21, -70, -56, -63, -65, "-71.3846707", "46.806995", 0]
["04:89", "2024-03-14T18:47:30Z", 19, -72, -62, -67, -69, "-71.3846707", "46.806995", 0]
["85:2b", "2024-03-14T18:47:30Z", 20, -73, -61, -68, -69, "-71.3846707", "46.806995", 0]
["f6:8c", "2024-03-14T18:47:32Z", 20, -72, -58, -63, -63, "-71.384684", "46.8069754", 0]
["bc:76", "2024-03-14T18:47:32Z", 21, -66, -53, -58, -59, "-71.384684", "46.8069754", 1]
["3b:db", "2024-03-14T18:47:32Z", 21, -73, -63, -69, -71, "-71.384684", "46.8069754", 0]
["04:89", "2024-03-14T18:47:32Z", 21, -70, -61, -63, -62, "-71.384684", "46.8069754", 0]
["85:2b", "2024-03-14T18:47:32Z", 21, -63, -57, -59, -60, "-71.384684", "46.8069754", 1]
["bc:76", "2024-03-14T18:47:34Z", 15, -73, -54, -62, -65, "-71.3846754", "46.8069736", 0]
["3b:db", "2024-03-14T18:47:34Z", 13, -71, -57, -63, -64, "-71.3846754", "46.8069736", 0]
["04:89", "2024-03-14T18:47:34Z", 14, -77, -60, -66, -65, "-71.3846754", "46.8069736", 0]
["85:2b", "2024-03-14T18:47:34Z", 11, -69, -58, -62, -61, "-71.3846754", "46.8069736", 0]
["f6:8c", "2024-03-14T18:47:34Z", 11, -77, -60, -66, -66, "-71.3846754", "46.8069736", 0]
["bc:76", "2024-03-14T18:47:36Z", 15, -72, -56, -64, -64, "-71.3846754", "46.8069736", 0]
["3b:db", "2024-03-14T18:47:36Z", 12, -84, -58, -66, -66, "-71.3846754", "46.8069736", 0]
["04:89", "2024-03-14T18:47:36Z", 12, -64, -52, -58, -59, "-71.3846754", "46.8069736", 1]
["85:2b", "2024-03-14T18:47:36Z", 12, -72, -58, -62, -61, "-71.3846754", "46.8069736", 0]
["f6:8c", "2024-03-14T18:47:36Z", 13, -68, -58, -61, -61, "-71.3846754", "46.8069736", 0]
["3b:db", "2024-03-14T18:47:37Z", 13, -71, -57, -62, -62, "-71.3846531", "46.806993", 0]
["04:89", "2024-03-14T18:47:37Z", 14, -70, -53, -61, -61, "-71.3846531", "46.806993", 0]
["85:2b", "2024-03-14T18:47:37Z", 14, -72, -52, -62, -63, "-71.3846531", "46.806993", 0]
["f6:8c", "2024-03-14T18:47:37Z", 10, -74, -62, -66, -65, "-71.3846531", "46.806993", 0]
["bc:76", "2024-03-14T18:47:37Z", 13, -75, -54, -63, -64, "-71.3846531", "46.806993", 0]
["3b:db", "2024-03-14T18:47:39Z", 13, -87, -65, -74, -72, "-71.3846531", "46.806993", 0]
["04:89", "2024-03-14T18:47:39Z", 10, -75, -62, -69, -66, "-71.3846531", "46.806993", 0]
["85:2b", "2024-03-14T18:47:39Z", 14, -89, -64, -73, -72, "-71.3846531", "46.806993", 0]
["f6:8c", "2024-03-14T18:47:39Z", 12, -80, -68, -73, -73, "-71.3846531", "46.806993", 0]
["bc:76", "2024-03-14T18:47:39Z", 15, -81, -60, -68, -70, "-71.3846531", "46.806993", 0]
["f6:8c", "2024-03-14T18:47:41Z", 13, -78, -63, -71, -71, "-71.3846925", "46.8069725", 0]
["bc:76", "2024-03-14T18:47:41Z", 14, -73, -56, -65, -65, "-71.3846925", "46.8069725", 0]
["04:89", "2024-03-14T18:47:41Z", 15, -80, -59, -68, -68, "-71.3846925", "46.8069725", 0]
["3b:db", "2024-03-14T18:47:41Z", 12, -77, -63, -70, -70, "-71.3846925", "46.8069725", 0]
["85:2b", "2024-03-14T18:47:41Z", 10, -77, -66, -71, -71, "-71.3846925", "46.8069725", 0]
["f6:8c", "2024-03-14T18:47:42Z", 11, -81, -67, -73, -72, "-71.3846925", "46.8069725", 0]
["bc:76", "2024-03-14T18:47:42Z", 26, -83, -61, -68, -66, "-71.3846925", "46.8069725", 0]
["3b:db", "2024-03-14T18:47:42Z", 17, -81, -59, -68, -68, "-71.3846925", "46.8069725", 0]
["04:89", "2024-03-14T18:47:42Z", 14, -80, -64, -68, -66, "-71.3846925", "46.8069725", 0]
["85:2b", "2024-03-14T18:47:42Z", 18, -74, -63, -69, -70, "-71.3846925", "46.8069725", 0]
["85:2b", "2024-03-14T18:47:45Z", 14, -82, -66, -71, -70, "-71.3847048", "46.8069716", 0]
["f6:8c", "2024-03-14T18:47:45Z", 8, -75, -67, -70, -70, "-71.3847048", "46.8069716", 0]
["bc:76", "2024-03-14T18:47:45Z", 16, -81, -71, -75, -75, "-71.3847048", "46.8069716", 0]
["3b:db", "2024-03-14T18:47:45Z", 14, -76, -65, -69, -69, "-71.3847048", "46.8069716", 0]
["04:89", "2024-03-14T18:47:45Z", 12, -85, -66, -71, -69, "-71.3847048", "46.8069716", 0]
["3b:db", "2024-03-14T18:47:46Z", 11, -84, -63, -72, -73, "-71.3846952", "46.8069715", 0]
["04:89", "2024-03-14T18:47:46Z", 12, -75, -57, -66, -67, "-71.3846952", "46.8069715", 0]
["85:2b", "2024-03-14T18:47:46Z", 14, -64, -54, -58, -59, "-71.3846952", "46.8069715", 1]
["f6:8c", "2024-03-14T18:47:46Z", 11, -76, -66, -70, -70, "-71.3846952", "46.8069715", 0]
["bc:76", "2024-03-14T18:47:46Z", 16, -73, -59, -64, -65, "-71.3846952", "46.8069715", 0]
["3b:db", "2024-03-14T18:47:48Z", 16, -78, -57, -68, -67, "-71.3847034", "46.8069972", 0]
["85:2b", "2024-03-14T18:47:48Z", 20, -72, -54, -62, -62, "-71.3847034", "46.8069972", 0]
["f6:8c", "2024-03-14T18:47:48Z", 16, -74, -58, -64, -63, "-71.3847034", "46.8069972", 0]
["bc:76", "2024-03-14T18:47:48Z", 23, -58, -52, -55, -56, "-71.3847034", "46.8069972", 1]
["04:89", "2024-03-14T18:47:48Z", 18, -62, -55, -58, -57, "-71.3847034", "46.8069972", 1]
["f6:8c", "2024-03-14T18:47:50Z", 17, -70, -52, -61, -58, "-71.3847069", "46.8070026", 0]
["bc:76", "2024-03-14T18:47:50Z", 15, -78, -60, -69, -68, "-71.3847069", "46.8070026", 0]
["3b:db", "2024-03-14T18:47:50Z", 16, -69, -56, -61, -61, "-71.3847069", "46.8070026", 0]
["04:89", "2024-03-14T18:47:50Z", 17, -66, -53, -57, -56, "-71.3847069", "46.8070026", 1]
["85:2b", "2024-03-14T18:47:50Z", 18, -66, -51, -58, -58, "-71.3847069", "46.8070026", 1]
["f6:8c", "2024-03-14T18:47:52Z", 14, -63, -53, -58, -60, "-71.384717", "46.8070052", 1]
["bc:76", "2024-03-14T18:47:52Z", 13, -75, -54, -65, -66, "-71.384717", "46.8070052", 0]
["04:89", "2024-03-14T18:47:52Z", 11, -69, -54, -60, -58, "-71.384717", "46.8070052", 1]
["3b:db", "2024-03-14T18:47:52Z", 11, -73, -60, -64, -64, "-71.384717", "46.8070052", 0]
["85:2b", "2024-03-14T18:47:52Z", 15, -71, -55, -64, -65, "-71.384717", "46.8070052", 0]
["f6:8c", "2024-03-14T18:47:53Z", 18, -87, -66, -75, -75, "-71.384717", "46.8070052", 0]
["bc:76", "2024-03-14T18:47:53Z", 22, -85, -66, -72, -72, "-71.384717", "46.8070052", 0]
["3b:db", "2024-03-14T18:47:53Z", 14, -63, -44, -48, -48, "-71.384717", "46.8070052", 1]
["04:89", "2024-03-14T18:47:53Z", 11, -72, -61, -66, -67, "-71.384717", "46.8070052", 0]
["85:2b", "2024-03-14T18:47:53Z", 20, -75, -60, -65, -64, "-71.384717", "46.8070052", 0]
["f6:8c", "2024-03-14T18:47:55Z", 9, -87, -63, -71, -70, "-71.3847115", "46.8070031", 0]
["bc:76", "2024-03-14T18:47:55Z", 17, -81, -60, -68, -69, "-71.3847115", "46.8070031", 0]
["3b:db", "2024-03-14T18:47:55Z", 15, -39, -32, -36, -37, "-71.3847115", "46.8070031", 1]
["04:89", "2024-03-14T18:47:55Z", 12, -82, -61, -70, -67, "-71.3847115", "46.8070031", 0]
["85:2b", "2024-03-14T18:47:55Z", 11, -76, -60, -67, -67, "-71.3847115", "46.8070031", 0]
["f6:8c", "2024-03-14T18:47:57Z", 10, -88, -75, -82, -82, "-71.3847162", "46.8070159", 0]
["bc:76", "2024-03-14T18:47:57Z", 13, -90, -75, -81, -79, "-71.3847162", "46.8070159", 0]
["04:89", "2024-03-14T18:47:57Z", 13, -89, -72, -79, -78, "-71.3847162", "46.8070159", 0]
["3b:db", "2024-03-14T18:47:57Z", 16, -67, -47, -55, -55, "-71.3847162", "46.8070159", 1]
["85:2b", "2024-03-14T18:47:57Z", 12, -84, -74, -78, -77, "-71.3847162", "46.8070159", 0]
["f6:8c", "2024-03-14T18:47:59Z", 13, -85, -68, -76, -77, "-71.3847162", "46.8070159", 0]
["bc:76", "2024-03-14T18:47:59Z", 14, -85, -72, -76, -76, "-71.3847162", "46.8070159", 0]
["04:89", "2024-03-14T18:47:59Z", 12, -83, -65, -72, -73, "-71.3847162", "46.8070159", 0]
["3b:db", "2024-03-14T18:47:59Z", 10, -79, -70, -75, -75, "-71.3847162", "46.8070159", 0]
["85:2b", "2024-03-14T18:47:59Z", 15, -83, -68, -75, -74, "-71.3847162", "46.8070159", 0]
["f6:8c", "2024-03-14T18:48:01Z", 18, -78, -67, -71, -71, "-71.3847162", "46.8070159", 0]
["bc:76", "2024-03-14T18:48:01Z", 19, -87, -62, -73, -73, "-71.3847162", "46.8070159", 0]
["04:89", "2024-03-14T18:48:01Z", 20, -84, -63, -71, -70, "-71.3847162", "46.8070159", 0]
["3b:db", "2024-03-14T18:48:01Z", 15, -82, -71, -77, -77, "-71.3847162", "46.8070159", 0]
["85:2b", "2024-03-14T18:48:01Z", 17, -81, -65, -73, -75, "-71.3847162", "46.8070159", 0]
["f6:8c", "2024-03-14T18:48:03Z", 10, -79, -60, -69, -68, "-71.3847162", "46.8070159", 0]
["bc:76", "2024-03-14T18:48:03Z", 15, -71, -58, -66, -67, "-71.3847162", "46.8070159", 0]
["04:89", "2024-03-14T18:48:03Z", 14, -77, -60, -65, -63, "-71.3847162", "46.8070159", 0]
["3b:db", "2024-03-14T18:48:03Z", 15, -82, -70, -74, -74, "-71.3847162", "46.8070159", 0]
["85:2b", "2024-03-14T18:48:03Z", 10, -77, -66, -70, -70, "-71.3847162", "46.8070159", 0]
["f6:8c", "2024-03-14T18:48:05Z", 11, -82, -60, -68, -70, "-71.384762", "46.8070548", 0]
["bc:76", "2024-03-14T18:48:05Z", 12, -81, -55, -63, -62, "-71.384762", "46.8070548", 0]
["04:89", "2024-03-14T18:48:05Z", 13, -70, -57, -63, -65, "-71.384762", "46.8070548", 0]
["3b:db", "2024-03-14T18:48:05Z", 13, -87, -72, -78, -79, "-71.384762", "46.8070548", 0]
["85:2b", "2024-03-14T18:48:05Z", 15, -78, -62, -68, -67, "-71.384762", "46.8070548", 0]
["f6:8c", "2024-03-14T18:48:06Z", 14, -78, -60, -67, -63, "-71.384762", "46.8070548", 0]
["bc:76", "2024-03-14T18:48:06Z", 12, -68, -58, -63, -63, "-71.384762", "46.8070548", 0]
["04:89", "2024-03-14T18:48:06Z", 12, -75, -61, -66, -65, "-71.384762", "46.8070548", 0]
["3b:db", "2024-03-14T18:48:06Z", 13, -85, -73, -79, -78, "-71.384762", "46.8070548", 0]
["85:2b", "2024-03-14T18:48:06Z", 13, -79, -62, -67, -66, "-71.384762", "46.8070548", 0]
["f6:8c", "2024-03-14T18:48:08Z", 20, -79, -60, -67, -66, "-71.3847441", "46.8070354", 0]
["bc:76", "2024-03-14T18:48:08Z", 20, -73, -53, -63, -63, "-71.3847441", "46.8070354", 0]
["04:89", "2024-03-14T18:48:08Z", 20, -78, -60, -67, -66, "-71.3847441", "46.8070354", 0]
["3b:db", "2024-03-14T18:48:08Z", 13, -90, -79, -84, -84, "-71.3847441", "46.8070354", 0]
["85:2b", "2024-03-14T18:48:08Z", 19, -87, -59, -68, -70, "-71.3847441", "46.8070354", 0]
["f6:8c", "2024-03-14T18:48:10Z", 16, -75, -63, -67, -64, "-71.3847538", "46.8070363", 0]
["85:2b", "2024-03-14T18:48:10Z", 14, -78, -60, -69, -71, "-71.3847538", "46.8070363", 0]
["04:89", "2024-03-14T18:48:10Z", 17, -70, -60, -66, -68, "-71.3847538", "46.8070363", 0]
["bc:76", "2024-03-14T18:48:10Z", 17, -71, -53, -61, -62, "-71.3847538", "46.8070363", 0]
["85:2b", "2024-03-14T18:48:12Z", 16, -77, -70, -72, -71, "-71.3847538", "46.8070363", 0]
["f6:8c", "2024-03-14T18:48:12Z", 14, -69, -61, -64, -65, "-71.3847538", "46.8070363", 0]
["04:89", "2024-03-14T18:48:12Z", 17, -75, -63, -69, -71, "-71.3847538", "46.8070363", 0]
["bc:76", "2024-03-14T18:48:12Z", 17, -76, -58, -67, -71, "-71.3847538", "46.8070363", 0]
["f6:8c", "2024-03-14T18:48:13Z", 15, -66, -61, -63, -63, "-71.3847538", "46.8070363", 0]
["bc:76", "2024-03-14T18:48:13Z", 19, -73, -60, -65, -65, "-71.3847538", "46.8070363", 0]
["85:2b", "2024-03-14T18:48:13Z", 14, -76, -65, -68, -67, "-71.3847538", "46.8070363", 0]
["04:89", "2024-03-14T18:48:13Z", 16, -70, -61, -64, -63, "-71.3847538", "46.8070363", 0]
["f6:8c", "2024-03-14T18:48:15Z", 15, -66, -61, -63, -63, "-71.3847538", "46.8070363", 0]
["04:89", "2024-03-14T18:48:15Z", 17, -68, -63, -65, -65, "-71.3847538", "46.8070363", 0]
["85:2b", "2024-03-14T18:48:15Z", 16, -75, -64, -68, -69, "-71.3847538", "46.8070363", 0]
["bc:76", "2024-03-14T18:48:15Z", 16, -89, -58, -72, -71, "-71.3847538", "46.8070363", 0]
["f6:8c", "2024-03-14T18:48:17Z", 14, -81, -62, -66, -63, "-71.3847538", "46.8070363", 0]
["04:89", "2024-03-14T18:48:17Z", 17, -72, -65, -68, -69, "-71.3847538", "46.8070363", 0]
["85:2b", "2024-03-14T18:48:17Z", 15, -82, -71, -75, -72, "-71.3847538", "46.8070363", 0]
["bc:76", "2024-03-14T18:48:17Z", 18, -78, -58, -68, -70, "-71.3847538", "46.8070363", 0]
["bc:76", "2024-03-14T18:48:18Z", 18, -85, -63, -73, -72, "-71.3849261", "46.807138", 0]
["f6:8c", "2024-03-14T18:48:18Z", 15, -69, -61, -64, -65, "-71.3849261", "46.807138", 0]
["85:2b", "2024-03-14T18:48:18Z", 15, -81, -68, -72, -71, "-71.3849261", "46.807138", 0]
["04:89", "2024-03-14T18:48:18Z", 16, -79, -61, -68, -65, "-71.3849261", "46.807138", 0]
["04:89", "2024-03-14T18:48:20Z", 15, -69, -60, -63, -62, "-71.3849567", "46.8071808", 0]
["85:2b", "2024-03-14T18:48:20Z", 17, -71, -64, -66, -65, "-71.3849567", "46.8071808", 0]
["bc:76", "2024-03-14T18:48:20Z", 16, -76, -58, -69, -70, "-71.3849567", "46.8071808", 0]
["f6:8c", "2024-03-14T18:48:20Z", 16, -71, -61, -65, -66, "-71.3849567", "46.8071808", 0]
["85:2b", "2024-03-14T18:48:22Z", 13, -86, -70, -76, -75, "-71.3849567", "46.8071808", 0]
["04:89", "2024-03-14T18:48:22Z", 18, -84, -59, -66, -65, "-71.3849567", "46.8071808", 0]
["bc:76", "2024-03-14T18:48:22Z", 18, -70, -58, -63, -62, "-71.3849567", "46.8071808", 0]
["f6:8c", "2024-03-14T18:48:22Z", 15, -78, -58, -66, -69, "-71.3849567", "46.8071808", 0]
["04:89", "2024-03-14T18:48:23Z", 17, -77, -66, -71, -71, "-71.3849567", "46.8071808", 0]
["85:2b", "2024-03-14T18:48:23Z", 15, -72, -62, -66, -65, "-71.3849567", "46.8071808", 0]
["bc:76", "2024-03-14T18:48:23Z", 17, -69, -54, -61, -63, "-71.3849567", "46.8071808", 0]
["f6:8c", "2024-03-14T18:48:23Z", 15, -77, -59, -65, -66, "-71.3849567", "46.8071808", 0]
["bc:76", "2024-03-14T18:48:25Z", 25, -79, -53, -66, -66, "-71.3849783", "46.8072186", 0]
["85:2b", "2024-03-14T18:48:25Z", 25, -74, -55, -65, -64, "-71.3849783", "46.8072186", 0]
["04:89", "2024-03-14T18:48:25Z", 28, -83, -60, -67, -66, "-71.3849783", "46.8072186", 0]
["f6:8c", "2024-03-14T18:48:25Z", 26, -75, -59, -65, -65, "-71.3849783", "46.8072186", 0]
["bc:76", "2024-03-14T18:48:27Z", 26, -88, -64, -73, -72, "-71.3849783", "46.8072186", 0]
["04:89", "2024-03-14T18:48:27Z", 24, -78, -61, -69, -69, "-71.3849783", "46.8072186", 0]
["3b:db", "2024-03-14T18:48:27Z", 1, -90, -90, -90, -90, "-71.3849783", "46.8072186", 0]
["85:2b", "2024-03-14T18:48:27Z", 20, -85, -68, -76, -77, "-71.3849783", "46.8072186", 0]
["f6:8c", "2024-03-14T18:48:27Z", 19, -81, -62, -72, -72, "-71.3849783", "46.8072186", 0]
["f6:8c", "2024-03-14T18:48:29Z", 15, -66, -51, -57, -57, "-71.3849662", "46.8072068", 1]
["85:2b", "2024-03-14T18:48:29Z", 14, -66, -53, -57, -57, "-71.3849662", "46.8072068", 1]
["04:89", "2024-03-14T18:48:29Z", 16, -65, -44, -51, -51, "-71.3849662", "46.8072068", 1]
["bc:76", "2024-03-14T18:48:29Z", 19, -80, -54, -60, -60, "-71.3849662", "46.8072068", 1]
["85:2b", "2024-03-14T18:48:31Z", 24, -86, -62, -69, -69, "-71.3849411", "46.8071944", 0]
["bc:76", "2024-03-14T18:48:31Z", 27, -75, -61, -66, -66, "-71.3849411", "46.8071944", 0]
["f6:8c", "2024-03-14T18:48:31Z", 21, -79, -60, -68, -69, "-71.3849411", "46.8071944", 0]
["04:89", "2024-03-14T18:48:31Z", 26, -69, -52, -61, -60, "-71.3849411", "46.8071944", 0]
["bc:76", "2024-03-14T18:48:33Z", 18, -82, -56, -67, -67, "-71.3849307", "46.8071974", 0]
["85:2b", "2024-03-14T18:48:33Z", 14, -87, -57, -67, -67, "-71.3849307", "46.8071974", 0]
["f6:8c", "2024-03-14T18:48:33Z", 14, -84, -56, -66, -63, "-71.3849307", "46.8071974", 0]
["04:89", "2024-03-14T18:48:33Z", 18, -72, -59, -65, -66, "-71.3849307", "46.8071974", 0]
["bc:76", "2024-03-14T18:48:34Z", 18, -72, -58, -63, -62, "-71.3849307", "46.8071974", 0]
["04:89", "2024-03-14T18:48:34Z", 17, -75, -54, -62, -61, "-71.3849307", "46.8071974", 0]
["3b:db", "2024-03-14T18:48:34Z", 2, -88, -87, -87, -87, "-71.3849307", "46.8071974", 0]
["85:2b", "2024-03-14T18:48:34Z", 17, -71, -56, -62, -60, "-71.3849307", "46.8071974", 0]
["f6:8c", "2024-03-14T18:48:34Z", 10, -79, -64, -72, -73, "-71.3849307", "46.8071974", 0]
["85:2b", "2024-03-14T18:48:36Z", 13, -80, -66, -71, -71, "-71.3849033", "46.8072019", 0]
["f6:8c", "2024-03-14T18:48:36Z", 16, -78, -64, -70, -70, "-71.3849033", "46.8072019", 0]
["04:89", "2024-03-14T18:48:36Z", 18, -76, -68, -71, -71, "-71.3849033", "46.8072019", 0]
["bc:76", "2024-03-14T18:48:36Z", 17, -78, -68, -73, -73, "-71.3849033", "46.8072019", 0]
["f6:8c", "2024-03-14T18:48:38Z", 25, -68, -54, -60, -60, "-71.3849033", "46.8072019", 1]
["85:2b", "2024-03-14T18:48:38Z", 21, -89, -62, -73, -73, "-71.3849033", "46.8072019", 0]
["04:89", "2024-03-14T18:48:38Z", 27, -83, -60, -70, -70, "-71.3849033", "46.8072019", 0]
["bc:76", "2024-03-14T18:48:38Z", 25, -82, -62, -71, -73, "-71.3849033", "46.8072019", 0]
["f6:8c", "2024-03-14T18:48:40Z", 24, -70, -54, -59, -59, "-71.3849033", "46.8072019", 1]
["04:89", "2024-03-14T18:48:40Z", 24, -83, -65, -73, -73, "-71.3849033", "46.8072019", 0]
["85:2b", "2024-03-14T18:48:40Z", 24, -85, -65, -74, -74, "-71.3849033", "46.8072019", 0]
["bc:76", "2024-03-14T18:48:40Z", 23, -85, -69, -75, -76, "-71.3849033", "46.8072019", 0]
["f6:8c", "2024-03-14T18:48:42Z", 27, -70, -50, -58, -56, "-71.3848756", "46.8072232", 1]
["04:89", "2024-03-14T18:48:42Z", 30, -84, -62, -69, -67, "-71.3848756", "46.8072232", 0]
["85:2b", "2024-03-14T18:48:42Z", 25, -85, -69, -74, -73, "-71.3848756", "46.8072232", 0]
["bc:76", "2024-03-14T18:48:42Z", 30, -82, -68, -73, -72, "-71.3848756", "46.8072232", 0]
["f6:8c", "2024-03-14T18:48:44Z", 12, -87, -70, -78, -77, "-71.3848756", "46.8072232", 0]
["04:89", "2024-03-14T18:48:44Z", 18, -73, -57, -66, -67, "-71.3848756", "46.8072232", 0]
["85:2b", "2024-03-14T18:48:44Z", 15, -79, -63, -71, -73, "-71.3848756", "46.8072232", 0]
["bc:76", "2024-03-14T18:48:44Z", 19, -77, -64, -70, -70, "-71.3848756", "46.8072232", 0]
["f6:8c", "2024-03-14T18:48:45Z", 15, -83, -73, -76, -76, "-71.3848756", "46.8072232", 0]
["04:89", "2024-03-14T18:48:45Z", 15, -79, -63, -67, -66, "-71.3848756", "46.8072232", 0]
["85:2b", "2024-03-14T18:48:45Z", 17, -85, -60, -72, -72, "-71.3848756", "46.8072232", 0]
["bc:76", "2024-03-14T18:48:45Z", 17, -83, -61, -70, -68, "-71.3848756", "46.8072232", 0]
["bc:76", "2024-03-14T18:48:47Z", 28, -65, -56, -59, -60, "-71.3848756", "46.8072232", 1]
["f6:8c", "2024-03-14T18:48:47Z", 13, -90, -79, -83, -83, "-71.3848756", "46.8072232", 0]
["85:2b", "2024-03-14T18:48:47Z", 29, -75, -57, -65, -65, "-71.3848756", "46.8072232", 0]
["04:89", "2024-03-14T18:48:47Z", 29, -82, -56, -68, -70, "-71.3848756", "46.8072232", 0]
["f6:8c", "2024-03-14T18:48:49Z", 20, -89, -76, -82, -83, "-71.3848756", "46.8072232", 0]
["85:2b", "2024-03-14T18:48:49Z", 24, -79, -60, -68, -69, "-71.3848756", "46.8072232", 0]
["04:89", "2024-03-14T18:48:49Z", 25, -67, -61, -64, -65, "-71.3848756", "46.8072232", 0]
["bc:76", "2024-03-14T18:48:49Z", 25, -80, -59, -66, -64, "-71.3848756", "46.8072232", 0]
["f6:8c", "2024-03-14T18:48:51Z", 17, -90, -79, -83, -83, "-71.3848756", "46.8072232", 0]
["04:89", "2024-03-14T18:48:51Z", 27, -79, -63, -69, -68, "-71.3848756", "46.8072232", 0]
["85:2b", "2024-03-14T18:48:51Z", 25, -81, -60, -65, -61, "-71.3848756", "46.8072232", 0]
["bc:76", "2024-03-14T18:48:51Z", 28, -83, -65, -71, -71, "-71.3848756", "46.8072232", 0]
["04:89", "2024-03-14T18:48:53Z", 28, -84, -62, -68, -66, "-71.3848756", "46.8072232", 0]
["f6:8c", "2024-03-14T18:48:53Z", 19, -91, -81, -85, -86, "-71.3848756", "46.8072232", 0]
["85:2b", "2024-03-14T18:48:53Z", 29, -65, -59, -62, -62, "-71.3848756", "46.8072232", 0]
["bc:76", "2024-03-14T18:48:53Z", 26, -76, -63, -68, -70, "-71.3848756", "46.8072232", 0]
["bc:76", "2024-03-14T18:48:55Z", 23, -84, -58, -67, -66, "-71.3848756", "46.8072232", 0]
["85:2b", "2024-03-14T18:48:55Z", 17, -80, -60, -69, -69, "-71.3848756", "46.8072232", 0]
["04:89", "2024-03-14T18:48:55Z", 24, -86, -61, -68, -66, "-71.3848756", "46.8072232", 0]
["bc:76", "2024-03-14T18:48:56Z", 20, -77, -60, -67, -68, "-71.3848756", "46.8072232", 0]
["85:2b", "2024-03-14T18:48:56Z", 21, -66, -60, -62, -62, "-71.3848756", "46.8072232", 0]
["04:89", "2024-03-14T18:48:56Z", 23, -66, -54, -59, -58, "-71.3848756", "46.8072232", 1]
["04:89", "2024-03-14T18:48:58Z", 22, -66, -57, -60, -59, "-71.3848756", "46.8072232", 1]
["85:2b", "2024-03-14T18:48:58Z", 22, -74, -61, -67, -70, "-71.3848756", "46.8072232", 0]
["bc:76", "2024-03-14T18:48:58Z", 20, -86, -61, -65, -65, "-71.3848756", "46.8072232", 0]
["85:2b", "2024-03-14T18:49:00Z", 22, -76, -57, -64, -65, "-71.3848756", "46.8072232", 0]
["04:89", "2024-03-14T18:49:00Z", 19, -76, -58, -63, -61, "-71.3848756", "46.8072232", 0]
["bc:76", "2024-03-14T18:49:00Z", 23, -73, -59, -65, -66, "-71.3848756", "46.8072232", 0]
["04:89", "2024-03-14T18:49:01Z", 30, -72, -57, -61, -59, "-71.3848756", "46.8072232", 0]
["85:2b", "2024-03-14T18:49:01Z", 32, -76, -58, -65, -65, "-71.3848756", "46.8072232", 0]
["bc:76", "2024-03-14T18:49:01Z", 32, -67, -59, -63, -63, "-71.3848756", "46.8072232", 0]
["04:89", "2024-03-14T18:49:03Z", 18, -65, -58, -60, -60, "-71.3848756", "46.8072232", 1]
["85:2b", "2024-03-14T18:49:03Z", 22, -76, -61, -66, -65, "-71.3848756", "46.8072232", 0]
["bc:76", "2024-03-14T18:49:03Z", 24, -74, -60, -64, -61, "-71.3848756", "46.8072232", 0]
["04:89", "2024-03-14T18:49:05Z", 21, -65, -57, -60, -60, "-71.3848756", "46.8072232", 1]
["85:2b", "2024-03-14T18:49:05Z", 21, -68, -57, -62, -63, "-71.3848756", "46.8072232", 0]
["bc:76", "2024-03-14T18:49:05Z", 22, -69, -60, -63, -62, "-71.3848756", "46.8072232", 0]
["04:89", "2024-03-14T18:49:06Z", 32, -75, -57, -64, -62, "-71.3848756", "46.8072232", 0]
["85:2b", "2024-03-14T18:49:06Z", 32, -76, -57, -65, -66, "-71.3848756", "46.8072232", 0]
["bc:76", "2024-03-14T18:49:06Z", 30, -73, -58, -64, -63, "-71.3848756", "46.8072232", 0]
["85:2b", "2024-03-14T18:49:08Z", 21, -73, -60, -65, -67, "-71.3854172", "46.8075356", 0]
["bc:76", "2024-03-14T18:49:08Z", 22, -86, -63, -69, -67, "-71.3854172", "46.8075356", 0]
["04:89", "2024-03-14T18:49:08Z", 21, -78, -60, -67, -65, "-71.3854172", "46.8075356", 0]
["85:2b", "2024-03-14T18:49:10Z", 22, -86, -56, -68, -69, "-71.3854172", "46.8075356", 0]
["bc:76", "2024-03-14T18:49:10Z", 21, -71, -61, -65, -65, "-71.3854172", "46.8075356", 0]
["04:89", "2024-03-14T18:49:10Z", 21, -80, -58, -66, -66, "-71.3854172", "46.8075356", 0]
["04:89", "2024-03-14T18:49:12Z", 33, -84, -61, -67, -66, "-71.3854172", "46.8075356", 0]
["bc:76", "2024-03-14T18:49:12Z", 33, -84, -57, -67, -65, "-71.3854172", "46.8075356", 0]
["85:2b", "2024-03-14T18:49:12Z", 28, -81, -60, -69, -69, "-71.3854172", "46.8075356", 0]
["85:2b", "2024-03-14T18:49:14Z", 24, -83, -65, -74, -74, "-71.3854172", "46.8075356", 0]
["bc:76", "2024-03-14T18:49:14Z", 18, -85, -64, -71, -72, "-71.3854172", "46.8075356", 0]
["04:89", "2024-03-14T18:49:14Z", 22, -78, -65, -70, -69, "-71.3854172", "46.8075356", 0]
["04:89", "2024-03-14T18:49:15Z", 23, -78, -58, -65, -65, "-71.3854172", "46.8075356", 0]
["85:2b", "2024-03-14T18:49:15Z", 19, -86, -62, -70, -67, "-71.3854172", "46.8075356", 0]
["bc:76", "2024-03-14T18:49:15Z", 22, -81, -62, -70, -71, "-71.3854172", "46.8075356", 0]
["85:2b", "2024-03-14T18:49:17Z", 23, -55, -47, -50, -51, "-71.3854172", "46.8075356", 1]
["bc:76", "2024-03-14T18:49:17Z", 23, -66, -51, -58, -56, "-71.3854172", "46.8075356", 1]
["04:89", "2024-03-14T18:49:17Z", 18, -66, -48, -57, -58, "-71.3854172", "46.8075356", 1]
["04:89", "2024-03-14T18:49:19Z", 23, -65, -43, -51, -51, "-71.3854172", "46.8075356", 1]
["bc:76", "2024-03-14T18:49:19Z", 23, -73, -53, -60, -60, "-71.3854172", "46.8075356", 1]
["85:2b", "2024-03-14T18:49:19Z", 18, -62, -47, -52, -51, "-71.3854172", "46.8075356", 1]
["85:2b", "2024-03-14T18:49:20Z", 32, -82, -55, -62, -60, "-71.3854172", "46.8075356", 0]
["bc:76", "2024-03-14T18:49:20Z", 32, -77, -54, -64, -63, "-71.3854172", "46.8075356", 0]
["04:89", "2024-03-14T18:49:20Z", 27, -77, -53, -65, -65, "-71.3854172", "46.8075356", 0]
["04:89", "2024-03-14T18:49:22Z", 23, -80, -54, -62, -61, "-71.3854825", "46.8075492", 0]
["85:2b", "2024-03-14T18:49:22Z", 20, -67, -56, -61, -62, "-71.3854825", "46.8075492", 0]
["bc:76", "2024-03-14T18:49:22Z", 21, -67, -51, -56, -55, "-71.3854825", "46.8075492", 1]
["85:2b", "2024-03-14T18:49:23Z", 22, -81, -58, -66, -65, "-71.3854825", "46.8075492", 0]
["bc:76", "2024-03-14T18:49:23Z", 20, -69, -50, -57, -56, "-71.3854825", "46.8075492", 1]
["04:89", "2024-03-14T18:49:23Z", 22, -75, -56, -64, -63, "-71.3854825", "46.8075492", 0]
["85:2b", "2024-03-14T18:49:25Z", 31, -87, -63, -75, -74, "-71.3854825", "46.8075492", 0]
["bc:76", "2024-03-14T18:49:25Z", 27, -76, -58, -64, -63, "-71.3854825", "46.8075492", 0]
["04:89", "2024-03-14T18:49:25Z", 34, -84, -62, -71, -70, "-71.3854825", "46.8075492", 0]
["85:2b", "2024-03-14T18:49:27Z", 22, -80, -59, -67, -65, "-71.3854825", "46.8075492", 0]
["bc:76", "2024-03-14T18:49:27Z", 20, -68, -57, -64, -65, "-71.3854825", "46.8075492", 0]
["04:89", "2024-03-14T18:49:27Z", 22, -77, -54, -64, -63, "-71.3854825", "46.8075492", 0]
["04:89", "2024-03-14T18:49:29Z", 20, -86, -66, -72, -71, "-71.3854825", "46.8075492", 0]
["bc:76", "2024-03-14T18:49:29Z", 22, -83, -63, -70, -69, "-71.3854825", "46.8075492", 0]
["85:2b", "2024-03-14T18:49:29Z", 22, -85, -60, -73, -73, "-71.3854825", "46.8075492", 0]
["04:89", "2024-03-14T18:49:31Z", 35, -83, -63, -73, -74, "-71.3854825", "46.8075492", 0]
["bc:76", "2024-03-14T18:49:31Z", 28, -82, -68, -73, -72, "-71.3854825", "46.8075492", 0]
["85:2b", "2024-03-14T18:49:31Z", 31, -87, -73, -78, -77, "-71.3854825", "46.8075492", 0]
["85:2b", "2024-03-14T18:49:33Z", 26, -91, -76, -83, -84, "-71.3854825", "46.8075492", 0]
["bc:76", "2024-03-14T18:49:33Z", 29, -89, -75, -81, -81, "-71.3854825", "46.8075492", 0]
["04:89", "2024-03-14T18:49:33Z", 37, -73, -59, -65, -66, "-71.3854825", "46.8075492", 0]
["04:89", "2024-03-14T18:49:35Z", 33, -76, -61, -65, -65, "-71.3854825", "46.8075492", 0]
["bc:76", "2024-03-14T18:49:35Z", 30, -84, -72, -75, -74, "-71.3854825", "46.8075492", 0]
["85:2b", "2024-03-14T18:49:35Z", 28, -86, -71, -76, -75, "-71.3854825", "46.8075492", 0]
["85:2b", "2024-03-14T18:49:37Z", 18, -91, -74, -82, -81, "-71.3855041", "46.8075504", 0]
["04:89", "2024-03-14T18:49:37Z", 23, -70, -62, -65, -65, "-71.3855041", "46.8075504", 0]
["bc:76", "2024-03-14T18:49:37Z", 23, -80, -71, -75, -75, "-71.3855041", "46.8075504", 0]
["04:89", "2024-03-14T18:49:38Z", 23, -67, -61, -64, -64, "-71.3855041", "46.8075504", 0]
["bc:76", "2024-03-14T18:49:38Z", 22, -82, -72, -76, -74, "-71.3855041", "46.8075504", 0]
["85:2b", "2024-03-14T18:49:38Z", 19, -82, -69, -76, -78, "-71.3855041", "46.8075504", 0]
["04:89", "2024-03-14T18:49:40Z", 30, -66, -62, -63, -64, "-71.3855041", "46.8075504", 0]
["bc:76", "2024-03-14T18:49:40Z", 29, -89, -70, -74, -73, "-71.3855041", "46.8075504", 0]
["85:2b", "2024-03-14T18:49:40Z", 5, -90, -89, -89, -89, "-71.3855041", "46.8075504", 0]
["04:89", "2024-03-14T18:49:42Z", 32, -68, -61, -64, -63, "-71.3854622", "46.8075927", 0]
["bc:76", "2024-03-14T18:49:42Z", 32, -79, -69, -72, -72, "-71.3854622", "46.8075927", 0]
["85:2b", "2024-03-14T18:49:44Z", 12, -86, -82, -84, -85, "-71.3854622", "46.8075927", 0]
["04:89", "2024-03-14T18:49:44Z", 40, -86, -60, -67, -63, "-71.3854622", "46.8075927", 0]
["bc:76", "2024-03-14T18:49:44Z", 33, -83, -68, -74, -75, "-71.3854622", "46.8075927", 0]
["bc:76", "2024-03-14T18:49:46Z", 33, -85, -60, -67, -66, "-71.3854494", "46.8076072", 0]
["04:89", "2024-03-14T18:49:46Z", 31, -89, -57, -71, -73, "-71.3854494", "46.8076072", 0]
["bc:76", "2024-03-14T18:49:47Z", 31, -88, -66, -73, -72, "-71.3854494", "46.8076072", 0]
["85:2b", "2024-03-14T18:49:47Z", 1, -90, -90, -90, -90, "-71.3854494", "46.8076072", 0]
["04:89", "2024-03-14T18:49:47Z", 32, -85, -58, -69, -67, "-71.3854494", "46.8076072", 0]
["bc:76", "2024-03-14T18:49:49Z", 27, -87, -72, -78, -78, "-71.3854494", "46.8076072", 0]
["85:2b", "2024-03-14T18:49:49Z", 10, -91, -84, -87, -86, "-71.3854494", "46.8076072", 0]
["04:89", "2024-03-14T18:49:49Z", 27, -89, -56, -67, -66, "-71.3854494", "46.8076072", 0]
["bc:76", "2024-03-14T18:49:51Z", 26, -89, -75, -82, -83, "-71.3854494", "46.8076072", 0]
["85:2b", "2024-03-14T18:49:51Z", 23, -90, -81, -85, -85, "-71.3854494", "46.8076072", 0]
["04:89", "2024-03-14T18:49:51Z", 37, -87, -55, -64, -63, "-71.3854494", "46.8076072", 0]
["bc:76", "2024-03-14T18:49:53Z", 27, -88, -78, -83, -83, "-71.3854494", "46.8076072", 0]
["04:89", "2024-03-14T18:49:53Z", 37, -74, -57, -65, -65, "-71.3854494", "46.8076072", 0]
["85:2b", "2024-03-14T18:49:53Z", 11, -90, -82, -87, -88, "-71.3854494", "46.8076072", 0]
["bc:76", "2024-03-14T18:49:55Z", 20, -88, -79, -83, -84, "-71.3854494", "46.8076072", 0]
["04:89", "2024-03-14T18:49:55Z", 29, -69, -54, -59, -60, "-71.3854494", "46.8076072", 1]
["85:2b", "2024-03-14T18:49:55Z", 15, -90, -85, -87, -87, "-71.3854494", "46.8076072", 0]
["bc:76", "2024-03-14T18:49:57Z", 26, -89, -78, -83, -85, "-71.3854494", "46.8076072", 0]
["85:2b", "2024-03-14T18:49:57Z", 13, -90, -86, -88, -88, "-71.3854494", "46.8076072", 0]
["04:89", "2024-03-14T18:49:57Z", 25, -64, -53, -58, -58, "-71.3854494", "46.8076072", 1]
["bc:76", "2024-03-14T18:49:58Z", 27, -89, -77, -83, -84, "-71.3854494", "46.8076072", 0]
["85:2b", "2024-03-14T18:49:58Z", 9, -90, -83, -86, -87, "-71.3854494", "46.8076072", 0]
["04:89", "2024-03-14T18:49:58Z", 28, -78, -53, -62, -61, "-71.3854494", "46.8076072", 0]
["bc:76", "2024-03-14T18:50:00Z", 26, -89, -78, -82, -82, "-71.3854494", "46.8076072", 0]
["85:2b", "2024-03-14T18:50:00Z", 8, -89, -83, -84, -84, "-71.3854494", "46.8076072", 0]
["04:89", "2024-03-14T18:50:00Z", 30, -69, -57, -62, -62, "-71.3854494", "46.8076072", 0]
["04:89", "2024-03-14T18:50:02Z", 35, -72, -57, -62, -62, "-71.3854494", "46.8076072", 0]
["bc:76", "2024-03-14T18:50:02Z", 3, -90, -89, -89, -89, "-71.3854494", "46.8076072", 0]
["85:2b", "2024-03-14T18:50:02Z", 26, -90, -75, -83, -84, "-71.3854494", "46.8076072", 0]
["04:89", "2024-03-14T18:50:04Z", 36, -66, -52, -56, -55, "-71.3854857", "46.8076162", 1]
["85:2b", "2024-03-14T18:50:04Z", 23, -90, -77, -84, -86, "-71.3854857", "46.8076162", 0]
["04:89", "2024-03-14T18:50:06Z", 39, -78, -49, -57, -54, "-71.3854857", "46.8076162", 1]
["04:89", "2024-03-14T18:50:08Z", 33, -67, -57, -60, -61, "-71.3854857", "46.8076162", 1]
["04:89", "2024-03-14T18:50:09Z", 39, -73, -58, -61, -60, "-71.3854857", "46.8076162", 0]
["04:89", "2024-03-14T18:50:11Z", 39, -71, -56, -61, -61, "-71.3854857", "46.8076162", 0]
["04:89", "2024-03-14T18:50:13Z", 39, -64, -55, -59, -60, "-71.3854857", "46.8076162", 1]
["04:89", "2024-03-14T18:50:15Z", 39, -77, -52, -59, -59, "-71.3864081", "46.8082589", 1]
["04:89", "2024-03-14T18:50:17Z", 38, -63, -53, -55, -55, "-71.3866081", "46.8083903", 1]
["04:89", "2024-03-14T18:50:19Z", 39, -62, -54, -56, -56, "-71.3866081", "46.8083903", 1]
["04:89", "2024-03-14T18:50:21Z", 39, -63, -56, -59, -59, "-71.3868828", "46.8085641", 1]
["04:89", "2024-03-14T18:50:23Z", 39, -70, -55, -60, -59, "-71.3870419", "46.8086654", 1]
["04:89", "2024-03-14T18:50:25Z", 30, -77, -51, -63, -60, "-71.3872341", "46.8087741", 0]
["04:89", "2024-03-14T18:50:26Z", 30, -69, -59, -62, -61, "-71.3872341", "46.8087741", 0]
["04:89", "2024-03-14T18:50:28Z", 31, -69, -57, -61, -61, "-71.3872341", "46.8087741", 0]
["04:89", "2024-03-14T18:50:30Z", 40, -62, -56, -59, -59, "-71.3869715", "46.8090776", 1]
["04:89", "2024-03-14T18:50:32Z", 39, -72, -56, -63, -62, "-71.3869715", "46.8090776", 0]
["04:89", "2024-03-14T18:50:34Z", 39, -72, -60, -65, -64, "-71.3869715", "46.8090776", 0]
["04:89", "2024-03-14T18:50:36Z", 34, -72, -58, -63, -64, "-71.3863548", "46.8095141", 0]
["04:89", "2024-03-14T18:50:38Z", 40, -73, -60, -64, -63, "-71.3861531", "46.8096612", 0]
["04:89", "2024-03-14T18:50:39Z", 39, -66, -56, -61, -61, "-71.3859466", "46.8098062", 0]
["04:89", "2024-03-14T18:50:42Z", 36, -65, -53, -58, -58, "-71.3858541", "46.8098759", 1]
["04:89", "2024-03-14T18:50:43Z", 40, -78, -57, -63, -60, "-71.3857049", "46.809978", 0]
["04:89", "2024-03-14T18:50:45Z", 40, -70, -56, -60, -60, "-71.3856665", "46.8099833", 1]
["04:89", "2024-03-14T18:50:47Z", 38, -85, -56, -63, -61, "-71.3855635", "46.8099652", 0]
["04:89", "2024-03-14T18:50:49Z", 37, -65, -56, -59, -59, "-71.3855635", "46.8099652", 1]
["04:89", "2024-03-14T18:50:51Z", 39, -66, -57, -61, -62, "-71.3852473", "46.8097338", 0]
["04:89", "2024-03-14T18:50:53Z", 36, -65, -54, -58, -59, "-71.3852473", "46.8097338", 1]
["04:89", "2024-03-14T18:50:55Z", 35, -69, -54, -60, -60, "-71.3848333", "46.8094213", 1]
["04:89", "2024-03-14T18:50:57Z", 31, -68, -56, -61, -61, "-71.3846109", "46.809269", 0]
["04:89", "2024-03-14T18:50:58Z", 35, -69, -53, -59, -60, "-71.3843992", "46.8091216", 1]
["04:89", "2024-03-14T18:51:01Z", 39, -63, -55, -59, -60, "-71.3843051", "46.809055", 1]
["04:89", "2024-03-14T18:51:02Z", 38, -72, -56, -62, -62, "-71.3840711", "46.8088891", 0]
["04:89", "2024-03-14T18:51:04Z", 31, -66, -59, -63, -64, "-71.3839771", "46.8088202", 0]
["04:89", "2024-03-14T18:51:06Z", 37, -62, -55, -58, -60, "-71.3837683", "46.8086842", 1]
["04:89", "2024-03-14T18:51:08Z", 39, -62, -54, -57, -58, "-71.3835388", "46.8085254", 1]
["04:89", "2024-03-14T18:51:10Z", 41, -69, -56, -60, -59, "-71.3833027", "46.8083627", 1]
["04:89", "2024-03-14T18:51:12Z", 39, -66, -54, -58, -59, "-71.3833027", "46.8083627", 1]
["04:89", "2024-03-14T18:51:14Z", 31, -61, -54, -56, -56, "-71.3828349", "46.808023", 1]
["04:89", "2024-03-14T18:51:16Z", 33, -66, -54, -60, -61, "-71.3825911", "46.8078589", 1]
["04:89", "2024-03-14T18:51:17Z", 40, -60, -52, -56, -57, "-71.382483", "46.8077802", 1]
["04:89", "2024-03-14T18:51:19Z", 40, -58, -52, -54, -56, "-71.3822536", "46.80762", 1]
["04:89", "2024-03-14T18:51:21Z", 38, -59, -52, -55, -56, "-71.3820242", "46.8074615", 1]
["04:89", "2024-03-14T18:51:23Z", 37, -83, -56, -63, -62, "-71.3818258", "46.8073277", 0]
["04:89", "2024-03-14T18:51:25Z", 34, -83, -60, -67, -67, "-71.3817219", "46.8072319", 0]
["04:89", "2024-03-14T18:51:27Z", 39, -87, -52, -62, -61, "-71.3817522", "46.8071231", 0]
["04:89", "2024-03-14T18:51:29Z", 38, -64, -52, -58, -59, "-71.381897", "46.8070216", 1]
["04:89", "2024-03-14T18:51:31Z", 38, -68, -52, -59, -59, "-71.381897", "46.8070216", 1]
["04:89", "2024-03-14T18:51:33Z", 39, -67, -55, -60, -60, "-71.3822819", "46.8067525", 1]
["04:89", "2024-03-14T18:51:35Z", 39, -61, -52, -56, -58, "-71.3824909", "46.8066011", 1]
["04:89", "2024-03-14T18:51:36Z", 39, -61, -51, -56, -58, "-71.3825942", "46.8065239", 1]
["04:89", "2024-03-14T18:51:39Z", 40, -66, -52, -58, -60, "-71.3827713", "46.8063743", 1]
["04:89", "2024-03-14T18:51:40Z", 39, -81, -57, -66, -66, "-71.3829222", "46.8062345", 0]
["04:89", "2024-03-14T18:51:42Z", 40, -69, -54, -62, -63, "-71.3830878", "46.8061345", 0]
["04:89", "2024-03-14T18:51:44Z", 40, -66, -54, -60, -62, "-71.3832793", "46.8061139", 1]
["04:89", "2024-03-14T18:51:46Z", 37, -66, -53, -59, -61, "-71.3832793", "46.8061139", 1]
["04:89", "2024-03-14T18:51:48Z", 39, -62, -52, -57, -60, "-71.3837076", "46.8062913", 1]
["04:89", "2024-03-14T18:51:50Z", 38, -61, -51, -57, -60, "-71.3837076", "46.8062913", 1]
["04:89", "2024-03-14T18:51:52Z", 38, -60, -52, -56, -58, "-71.3839474", "46.8064457", 1]
["04:89", "2024-03-14T18:51:53Z", 39, -63, -51, -57, -60, "-71.3841062", "46.8065527", 1]
["04:89", "2024-03-14T18:51:56Z", 31, -65, -52, -57, -57, "-71.3841062", "46.8065527", 1]
["04:89", "2024-03-14T18:51:57Z", 38, -63, -53, -56, -56, "-71.3843825", "46.8067527", 1]
["04:89", "2024-03-14T18:51:59Z", 40, -62, -54, -58, -58, "-71.3843825", "46.8067527", 1]
["3b:db", "2024-03-14T18:52:01Z", 2, -90, -88, -89, -88, "-71.3843825", "46.8067527", 0]
["04:89", "2024-03-14T18:52:01Z", 39, -60, -53, -56, -57, "-71.3843825", "46.8067527", 1]
["04:89", "2024-03-14T18:52:03Z", 35, -67, -53, -57, -56, "-71.3843825", "46.8067527", 1]
["3b:db", "2024-03-14T18:52:03Z", 28, -89, -74, -81, -82, "-71.3843825", "46.8067527", 0]
["3b:db", "2024-03-14T18:52:05Z", 31, -88, -74, -79, -80, "-71.3843825", "46.8067527", 0]
["04:89", "2024-03-14T18:52:05Z", 33, -67, -52, -59, -58, "-71.3843825", "46.8067527", 1]
["3b:db", "2024-03-14T18:52:07Z", 28, -88, -70, -77, -75, "-71.3843825", "46.8067527", 0]
["04:89", "2024-03-14T18:52:07Z", 35, -81, -52, -59, -59, "-71.3843825", "46.8067527", 1]
["04:89", "2024-03-14T18:52:09Z", 34, -74, -52, -59, -57, "-71.3847139", "46.807003", 1]
["3b:db", "2024-03-14T18:52:09Z", 24, -85, -71, -77, -77, "-71.3847139", "46.807003", 0]
["04:89", "2024-03-14T18:52:11Z", 35, -82, -57, -67, -67, "-71.3847118", "46.8070373", 0]
["3b:db", "2024-03-14T18:52:11Z", 27, -87, -65, -74, -74, "-71.3847118", "46.8070373", 0]
["3b:db", "2024-03-14T18:52:13Z", 34, -83, -57, -68, -68, "-71.3847048", "46.80703", 0]
["04:89", "2024-03-14T18:52:13Z", 31, -85, -66, -73, -73, "-71.3847048", "46.80703", 0]
["04:89", "2024-03-14T18:52:15Z", 27, -89, -71, -77, -77, "-71.3846893", "46.8070048", 0]
["3b:db", "2024-03-14T18:52:15Z", 37, -55, -40, -48, -49, "-71.3846893", "46.8070048", 1]
["3b:db", "2024-03-14T18:52:17Z", 29, -48, -41, -44, -45, "-71.3846893", "46.8070048", 1]
["04:89", "2024-03-14T18:52:17Z", 30, -84, -61, -70, -70, "-71.3846893", "46.8070048", 0]
["3b:db", "2024-03-14T18:52:19Z", 35, -69, -43, -51, -51, "-71.3846429", "46.8069691", 1]
["04:89", "2024-03-14T18:52:19Z", 35, -71, -54, -62, -64, "-71.3846429", "46.8069691", 0]
["3b:db", "2024-03-14T18:52:21Z", 32, -52, -49, -50, -50, "-71.3846451", "46.8069694", 1]
["04:89", "2024-03-14T18:52:21Z", 32, -74, -54, -62, -61, "-71.3846451", "46.8069694", 0]
["3b:db", "2024-03-14T18:52:23Z", 33, -70, -54, -59, -60, "-71.3846451", "46.8069694", 1]
["04:89", "2024-03-14T18:52:23Z", 31, -72, -57, -65, -66, "-71.3846451", "46.8069694", 0]
["f6:8c", "2024-03-14T18:52:24Z", 3, -92, -90, -91, -91, "-71.3846451", "46.8069694", 0]
["04:89", "2024-03-14T18:52:24Z", 30, -74, -58, -64, -63, "-71.3846451", "46.8069694", 0]
["3b:db", "2024-03-14T18:52:24Z", 31, -82, -59, -66, -66, "-71.3846451", "46.8069694", 0]
["3b:db", "2024-03-14T18:52:26Z", 31, -82, -62, -67, -66, "-71.3846451", "46.8069694", 0]
["04:89", "2024-03-14T18:52:26Z", 26, -76, -58, -65, -66, "-71.3846451", "46.8069694", 0]
["3b:db", "2024-03-14T18:52:28Z", 32, -86, -61, -69, -68, "-71.3846451", "46.8069694", 0]
["04:89", "2024-03-14T18:52:28Z", 32, -78, -60, -66, -65, "-71.3846451", "46.8069694", 0]
["3b:db", "2024-03-14T18:52:30Z", 27, -81, -66, -72, -71, "-71.3846597", "46.807011", 0]
["04:89", "2024-03-14T18:52:30Z", 32, -82, -59, -67, -66, "-71.3846597", "46.807011", 0]
["3b:db", "2024-03-14T18:52:32Z", 30, -81, -57, -69, -69, "-71.384679", "46.8070258", 0]
["04:89", "2024-03-14T18:52:32Z", 30, -81, -58, -68, -67, "-71.384679", "46.8070258", 0]
["3b:db", "2024-03-14T18:52:34Z", 33, -76, -58, -65, -64, "-71.3846979", "46.8070321", 0]
["04:89", "2024-03-14T18:52:34Z", 31, -81, -56, -63, -63, "-71.3846979", "46.8070321", 0]
["04:89", "2024-03-14T18:52:36Z", 34, -80, -60, -67, -66, "-71.3847011", "46.8070238", 0]
["3b:db", "2024-03-14T18:52:36Z", 28, -83, -55, -65, -63, "-71.3847011", "46.8070238", 0]
["04:89", "2024-03-14T18:52:38Z", 34, -87, -60, -67, -66, "-71.3846982", "46.807014", 0]
["3b:db", "2024-03-14T18:52:38Z", 34, -77, -60, -65, -64, "-71.3846982", "46.807014", 0]
["3b:db", "2024-03-14T18:52:40Z", 35, -77, -59, -67, -67, "-71.3846982", "46.807014", 0]
["04:89", "2024-03-14T18:52:40Z", 29, -68, -61, -64, -64, "-71.3846982", "46.807014", 0]
["3b:db", "2024-03-14T18:52:42Z", 31, -88, -58, -65, -63, "-71.3846982", "46.807014", 0]
["04:89", "2024-03-14T18:52:42Z", 33, -73, -60, -64, -62, "-71.3846982", "46.807014", 0]
["04:89", "2024-03-14T18:52:43Z", 33, -72, -62, -65, -65, "-71.3846982", "46.807014", 0]
["3b:db", "2024-03-14T18:52:43Z", 31, -92, -56, -67, -69, "-71.3846982", "46.807014", 0]
["04:89", "2024-03-14T18:52:45Z", 33, -75, -62, -64, -64, "-71.3846982", "46.807014", 0]
["3b:db", "2024-03-14T18:52:45Z", 36, -85, -56, -67, -70, "-71.3846982", "46.807014", 0]
["04:89", "2024-03-14T18:52:47Z", 34, -77, -60, -68, -71, "-71.3846982", "46.807014", 0]
["3b:db", "2024-03-14T18:52:47Z", 27, -70, -56, -62, -65, "-71.3846982", "46.807014", 0]
["f6:8c", "2024-03-14T18:52:47Z", 13, -89, -83, -86, -87, "-71.3846982", "46.807014", 0]
["04:89", "2024-03-14T18:52:49Z", 30, -76, -60, -65, -64, "-71.3846982", "46.807014", 0]
["f6:8c", "2024-03-14T18:52:49Z", 29, -89, -76, -84, -84, "-71.3846982", "46.807014", 0]
["3b:db", "2024-03-14T18:52:49Z", 30, -67, -60, -63, -63, "-71.3846982", "46.807014", 0]
["04:89", "2024-03-14T18:52:51Z", 31, -84, -57, -64, -64, "-71.3846982", "46.807014", 0]
["f6:8c", "2024-03-14T18:52:51Z", 28, -90, -75, -83, -84, "-71.3846982", "46.807014", 0]
["3b:db", "2024-03-14T18:52:51Z", 29, -84, -56, -65, -64, "-71.3846982", "46.807014", 0]
["04:89", "2024-03-14T18:52:53Z", 34, -82, -62, -70, -70, "-71.3846982", "46.807014", 0]
["3b:db", "2024-03-14T18:52:53Z", 31, -88, -64, -72, -73, "-71.3846982", "46.807014", 0]
["f6:8c", "2024-03-14T18:52:53Z", 31, -85, -66, -74, -74, "-71.3846982", "46.807014", 0]
["04:89", "2024-03-14T18:52:55Z", 20, -87, -70, -78, -79, "-71.3846982", "46.807014", 0]
["3b:db", "2024-03-14T18:52:55Z", 20, -89, -79, -84, -84, "-71.3846982", "46.807014", 0]
["f6:8c", "2024-03-14T18:52:55Z", 24, -71, -54, -61, -61, "-71.3846982", "46.807014", 0]
["04:89", "2024-03-14T18:52:56Z", 30, -77, -65, -71, -71, "-71.3846982", "46.807014", 0]
["f6:8c", "2024-03-14T18:52:56Z", 33, -70, -49, -56, -57, "-71.3846982", "46.807014", 1]
["3b:db", "2024-03-14T18:52:56Z", 28, -84, -69, -76, -76, "-71.3846982", "46.807014", 0]
["04:89", "2024-03-14T18:52:59Z", 20, -80, -59, -65, -64, "-71.3846982", "46.807014", 0]
["f6:8c", "2024-03-14T18:52:59Z", 23, -53, -43, -48, -48, "-71.3846982", "46.807014", 1]
["3b:db", "2024-03-14T18:52:59Z", 21, -81, -62, -69, -69, "-71.3846982", "46.807014", 0]
["04:89", "2024-03-14T18:53:00Z", 30, -82, -62, -68, -69, "-71.3846982", "46.807014", 0]
["3b:db", "2024-03-14T18:53:00Z", 26, -73, -59, -66, -66, "-71.3846982", "46.807014", 0]
["f6:8c", "2024-03-14T18:53:00Z", 31, -80, -50, -56, -55, "-71.3846982", "46.807014", 1]
["04:89", "2024-03-14T18:53:02Z", 21, -71, -54, -62, -63, "-71.3846982", "46.807014", 0]
["f6:8c", "2024-03-14T18:53:02Z", 22, -85, -63, -70, -69, "-71.3846982", "46.807014", 0]
["3b:db", "2024-03-14T18:53:02Z", 21, -65, -52, -57, -57, "-71.3846982", "46.807014", 1]
["04:89", "2024-03-14T18:53:04Z", 31, -83, -57, -64, -63, "-71.3846982", "46.807014", 0]
["f6:8c", "2024-03-14T18:53:04Z", 33, -83, -61, -68, -69, "-71.3846982", "46.807014", 0]
["3b:db", "2024-03-14T18:53:04Z", 32, -81, -63, -68, -67, "-71.3846982", "46.807014", 0]
["04:89", "2024-03-14T18:53:06Z", 33, -66, -50, -59, -60, "-71.3849167", "46.8072298", 1]
["3b:db", "2024-03-14T18:53:06Z", 31, -84, -60, -71, -70, "-71.3849167", "46.8072298", 0]
["f6:8c", "2024-03-14T18:53:06Z", 26, -80, -60, -66, -65, "-71.3849167", "46.8072298", 0]
["f6:8c", "2024-03-14T18:53:08Z", 20, -82, -62, -69, -68, "-71.3849236", "46.8072328", 0]
["04:89", "2024-03-14T18:53:08Z", 22, -81, -54, -62, -62, "-71.3849236", "46.8072328", 0]
["3b:db", "2024-03-14T18:53:08Z", 22, -83, -59, -69, -68, "-71.3849236", "46.8072328", 0]
["f6:8c", "2024-03-14T18:53:09Z", 23, -80, -55, -64, -65, "-71.384936", "46.8072339", 0]
["3b:db", "2024-03-14T18:53:09Z", 20, -59, -55, -57, -57, "-71.384936", "46.8072339", 1]
["04:89", "2024-03-14T18:53:09Z", 21, -71, -51, -58, -59, "-71.384936", "46.8072339", 1]
["3b:db", "2024-03-14T18:53:11Z", 22, -82, -65, -69, -69, "-71.3849512", "46.807233", 0]
["f6:8c", "2024-03-14T18:53:11Z", 22, -80, -62, -68, -68, "-71.3849512", "46.807233", 0]
["04:89", "2024-03-14T18:53:11Z", 20, -88, -67, -72, -69, "-71.3849512", "46.807233", 0]
["3b:db", "2024-03-14T18:53:13Z", 20, -81, -63, -69, -68, "-71.3849601", "46.8072371", 0]
["04:89", "2024-03-14T18:53:13Z", 23, -83, -62, -69, -69, "-71.3849601", "46.8072371", 0]
["f6:8c", "2024-03-14T18:53:13Z", 21, -87, -63, -70, -69, "-71.3849601", "46.8072371", 0]
["f6:8c", "2024-03-14T18:53:14Z", 31, -89, -57, -65, -64, "-71.3849601", "46.8072371", 0]
["04:89", "2024-03-14T18:53:14Z", 31, -78, -58, -67, -67, "-71.3849601", "46.8072371", 0]
["3b:db", "2024-03-14T18:53:14Z", 28, -80, -61, -68, -68, "-71.3849601", "46.8072371", 0]
["3b:db", "2024-03-14T18:53:16Z", 22, -78, -56, -66, -66, "-71.3849601", "46.8072371", 0]
["04:89", "2024-03-14T18:53:16Z", 20, -77, -54, -64, -64, "-71.3849601", "46.8072371", 0]
["f6:8c", "2024-03-14T18:53:16Z", 22, -73, -58, -64, -63, "-71.3849601", "46.8072371", 0]
["f6:8c", "2024-03-14T18:53:18Z", 21, -79, -57, -67, -67, "-71.3849601", "46.8072371", 0]
["04:89", "2024-03-14T18:53:18Z", 21, -70, -58, -64, -64, "-71.3849601", "46.8072371", 0]
["3b:db", "2024-03-14T18:53:18Z", 22, -72, -55, -63, -63, "-71.3849601", "46.8072371", 0]
["3b:db", "2024-03-14T18:53:19Z", 27, -76, -54, -63, -62, "-71.3849601", "46.8072371", 0]
["04:89", "2024-03-14T18:53:19Z", 30, -78, -56, -65, -65, "-71.3849601", "46.8072371", 0]
["f6:8c", "2024-03-14T18:53:19Z", 32, -75, -58, -65, -65, "-71.3849601", "46.8072371", 0]
["3b:db", "2024-03-14T18:53:21Z", 32, -69, -61, -64, -64, "-71.3849936", "46.8072427", 0]
["f6:8c", "2024-03-14T18:53:21Z", 33, -66, -57, -62, -62, "-71.3849936", "46.8072427", 0]
["04:89", "2024-03-14T18:53:21Z", 25, -85, -59, -68, -69, "-71.3849936", "46.8072427", 0]
["3b:db", "2024-03-14T18:53:23Z", 20, -66, -58, -61, -60, "-71.3849936", "46.8072427", 0]
["f6:8c", "2024-03-14T18:53:23Z", 23, -68, -55, -62, -64, "-71.3849936", "46.8072427", 0]
["04:89", "2024-03-14T18:53:23Z", 21, -77, -56, -66, -65, "-71.3849936", "46.8072427", 0]
["3b:db", "2024-03-14T18:53:25Z", 33, -65, -59, -61, -61, "-71.3849936", "46.8072427", 0]
["f6:8c", "2024-03-14T18:53:25Z", 32, -68, -57, -60, -60, "-71.3849936", "46.8072427", 1]
["04:89", "2024-03-14T18:53:25Z", 29, -71, -59, -64, -64, "-71.3849936", "46.8072427", 0]
